27
-119.282435 -139.991061
74.579661 -139.987846
116.992370 -139.836538
139.762183 -139.725987
139.928653 -117.491564
139.984752 -108.615002
139.982752 96.013781
139.897333 131.994080
139.430836 137.675576
133.928192 139.682165
117.668070 139.905275
101.219363 139.932204
14.700312 139.965699
-41.449344 139.968740
-99.328997 139.840967
-112.550399 139.589400
-138.495950 138.798249
-139.750985 136.572655
-139.948827 134.391227
-139.998500 65.663330
-139.976168 -88.215534
-139.941275 -96.167521
-139.826540 -104.564799
-139.321412 -135.143807
-136.193100 -139.278460
-135.606141 -139.697685
-132.274219 -139.768459
