29
-16.823866 -149.945248
60.332153 -149.942002
148.277744 -149.907891
149.186143 -149.068001
149.425833 -145.671230
149.948228 -133.576080
149.999315 -94.645068
149.992882 26.275990
149.958291 88.231192
149.891196 128.483008
149.877836 129.737563
149.716387 142.902841
149.551140 148.607971
148.978541 149.638217
136.734289 149.899382
126.022180 149.928379
71.923938 149.976989
-124.524978 149.990468
-146.912953 149.806599
-149.977929 149.661534
-149.978670 30.286164
-149.977395 -91.679898
-149.764173 -145.327762
-149.487899 -146.693444
-149.069899 -147.862750
-147.880438 -148.775451
-147.102147 -149.025192
-140.660501 -149.758037
-106.393350 -149.910400
