24
-37.616762 -129.950861
53.375459 -129.939020
109.057674 -129.844059
124.296611 -129.553536
129.520661 -127.797654
129.762045 -119.038961
129.828011 -113.815644
129.890633 -84.504430
129.998217 -7.729749
129.952758 88.393775
129.944991 104.031334
129.367074 120.609804
129.001468 127.338434
128.503034 128.654159
104.621741 129.712861
34.263152 129.968716
-103.632576 129.948244
-115.546680 129.714293
-128.157198 128.144218
-129.094226 126.219772
-129.992734 121.042224
-129.890971 -128.505241
-118.974415 -129.688124
-63.034026 -129.905797
