1024
59.104592  -95.088559
-45.535743 58.128251 
-91.758885 -70.246594
-80.159142 50.109424 
-65.807507 99.548957 
83.850875  29.775163 
-44.013383 -47.050308
-68.954805 -81.563491
-6.674062  65.472285 
56.725010  -6.831834 
6.807729   -9.940664 
38.980691  -32.570067
53.604629  51.705401 
-96.135093 71.852891 
18.535819  62.959578 
-31.553526 -81.413122
-6.925288  -0.291205 
-29.440041 14.180635 
-11.124041 0.777855  
94.347904  -18.108673
7.587570   39.469071 
-72.453372 66.538842 
54.370396  62.835703 
-46.284270 -83.161084
48.900976  93.624680 
-1.907041  -42.609674
-44.156734 4.254321  
-95.168218 56.135579 
67.239382  40.403732 
-66.085174 -10.289494
-47.655640 9.494403  
1.891910   -0.862768 
85.987688  -26.479496
-45.550658 -55.474974
-49.878751 -4.441605 
-1.362207  -53.968710
75.120009  71.957501 
-20.150079 -7.580385 
-23.933141 73.827160 
67.091353  35.549646 
69.141598  17.697946 
-41.821220 -37.217507
94.530496  -76.529769
97.486716  88.501034 
-34.463249 -95.929399
-96.404294 24.483684 
-98.863833 -93.281140
-49.757629 14.940683 
-0.707343  -74.461978
58.809201  70.651472 
98.612677  -5.229450 
-36.426519 -57.724093
94.860739  90.024362 
-80.554375 48.051772 
-24.767821 -87.281901
-43.195060 91.762473 
65.434920  39.384181 
31.876151  -58.077528
-52.744084 -26.529584
56.866077  22.733948 
-91.982680 -17.820346
32.594537  -39.094533
-19.834341 -22.935615
51.180935  -78.095527
46.482688  -67.466333
7.040347   -14.634388
46.807660  65.071575 
-33.604687 37.412706 
10.347180  -30.790210
59.883528  2.017527  
-79.195010 84.643610 
14.649880  -9.514676 
-64.952925 13.246081 
0.141166   -57.314500
65.072822  -49.617198
96.078956  -73.324796
57.414706  89.670054 
25.776485  93.112903 
-32.306383 -18.705689
72.257982  -45.576209
-5.884331  93.852529 
50.021638  88.557940 
-94.573489 86.499893 
-10.757671 64.805586 
35.379732  94.090851 
91.713374  29.847545 
17.228067  80.135068 
76.502768  -50.566657
44.710035  -17.985055
-7.713526  38.777980 
7.727196   66.854393 
73.749145  46.633275 
62.918697  19.157605 
5.837930   -86.796496
-92.198185 98.655904 
77.347991  -54.939657
72.642032  -29.268870
28.512084  -18.753038
-23.502383 1.085592  
9.824821   6.610701  
7.881223   -2.170641 
75.109934  -26.603052
-63.042851 -25.899808
58.975872  81.043265 
-99.571918 29.288018 
27.609064  -17.472654
47.586418  -84.503289
-22.934865 -31.659155
70.270102  -40.455980
67.402188  -21.975568
40.352529  -78.417627
-22.039318 92.442494 
83.573478  43.908179 
-26.229101 30.312625 
-92.783200 65.817838 
90.207653  -31.772937
-55.668697 -8.439299 
79.178967  31.472135 
-82.808095 63.788065 
-48.428020 18.996443 
65.196594  -29.133940
10.090335  57.244836 
-68.841865 2.503970  
31.517231  -66.503852
17.553771  64.273675 
-98.700555 94.914829 
-68.727558 -0.442823 
9.244378   -83.916143
93.782144  -14.959904
30.101886  43.203137 
-65.977031 57.157661 
-80.916832 -96.807983
88.198924  71.613095 
-37.189091 84.019418 
37.969573  -83.986935
-73.031410 56.290959 
-40.198416 -88.965704
-27.837170 -13.939741
-64.373570 84.040252 
-84.162628 -95.985690
-78.956445 -52.120908
92.409562  44.441257 
-83.024807 -4.814624 
-76.647171 96.539849 
64.059758  -63.042318
65.353169  42.557564 
91.466848  75.353352 
-71.817823 -13.019607
3.888319   98.296360 
-88.650415 20.722478 
-33.695118 -52.463080
-62.289582 56.029725 
0.664862   20.915929 
-81.801724 -96.803200
-85.337803 -75.476296
-90.343039 -66.139616
68.680381  40.642732 
-53.557640 -90.061828
-67.626791 -10.507803
-48.938449 22.101065 
-29.887425 58.478138 
-54.972500 6.216020  
47.463378  38.231955 
29.970361  -23.793280
60.132808  53.675375 
47.600700  -38.441451
-27.103184 26.898887 
-76.699500 -30.947746
-21.553587 38.773306 
-32.569345 93.395324 
3.579530   -21.346953
17.983719  48.981134 
77.708636  -54.437400
89.503161  51.532069 
45.124939  -79.384324
-13.481241 -42.716742
-71.681109 -15.937997
-23.549118 64.128273 
-39.101685 56.252773 
-63.028883 18.865753 
70.775873  -11.051788
94.686956  24.128753 
-30.651215 -9.698643 
31.419909  25.122722 
-81.445704 64.760331 
-57.452039 -26.122365
-12.193319 -44.726275
-9.473351  -24.099026
-21.396184 21.122522 
17.213451  -65.289538
-66.574458 -13.564935
43.257345  96.527856 
40.708491  -15.541167
-40.517466 87.719207 
29.153562  16.526035 
79.060128  92.903599 
-51.604000 -78.327880
33.983827  57.854369 
-36.901438 -68.879232
-86.896461 3.835169  
-77.332148 51.751131 
58.425858  -2.135194 
-80.372842 -37.279351
40.011370  -39.533424
-26.499529 -72.635061
7.891932   -39.011730
-14.818926 2.737400  
-62.887654 -18.996820
-97.408562 20.339499 
-69.578343 -41.606157
-43.021437 5.744345  
-31.677530 7.428543  
51.634388  -39.172018
-31.657716 46.916007 
-70.716036 83.519430 
-95.348974 20.555019 
-22.420807 -44.492521
-65.007702 -38.124784
-2.504510  -58.697992
-54.795844 67.717601 
81.497113  92.218804 
9.140560   43.740205 
-2.417133  76.713378 
49.478143  -33.663924
65.023298  -9.009367 
70.165409  -35.932720
0.727777   -32.964283
68.670890  -31.208879
52.896037  87.067049 
-21.050697 -51.805983
14.703575  85.377820 
33.005531  -83.311055
46.887198  43.374451 
42.189313  -96.395592
-16.765507 -20.897216
64.910561  57.824692 
70.484937  5.015157  
37.231910  89.910822 
71.207384  71.649911 
-80.304442 -37.212099
55.109144  27.187947 
94.807634  -46.340120
-8.928641  -63.403620
-7.181355  80.423340 
74.718165  -67.413340
-1.704167  84.757571 
48.754654  25.552176 
-19.657491 39.650594 
18.810211  59.813273 
-57.583324 89.270471 
64.704944  50.894239 
53.930521  -91.545628
18.684826  88.734717 
-10.731114 52.645190 
74.005253  30.320306 
94.555378  23.062893 
50.199999  20.743232 
-94.703040 34.730256 
17.238496  64.001366 
16.413901  94.972507 
92.922651  -92.080535
-2.909191  -89.975950
-18.974300 -90.726795
-28.604012 61.685084 
35.274946  2.029317  
-1.992894  34.986083 
-90.216963 74.978440 
64.731245  -1.963764 
34.315546  -41.527638
-49.756734 56.135993 
-68.951788 78.476619 
21.082433  32.961808 
-12.021981 68.521069 
77.733309  -41.470967
49.618120  -44.809961
-85.068953 39.251734 
-85.032081 96.275117 
29.969824  -47.398611
-12.973148 -18.648560
26.138433  -70.642888
7.208065   9.812167  
4.092716   -50.809791
31.263693  48.699420 
-99.392890 -29.777730
15.745834  87.510843 
52.595672  -92.730690
-8.452223  33.111800 
95.120724  -39.751246
93.902070  -42.656186
95.592495  -69.844719
-34.789564 -62.100381
-49.752236 39.653997 
14.169003  -97.447649
-58.915455 15.678223 
2.394141   -31.802638
10.415345  -61.110577
29.041544  -87.299525
-48.857143 -70.745228
46.745019  -64.508841
-11.336827 61.344718 
11.815896  6.814649  
42.894041  -23.148710
-53.569783 13.151131 
59.418295  -45.937234
-42.272940 -56.909813
26.866114  -0.065995 
93.608793  -65.625118
67.122233  -54.674201
99.814675  66.511904 
29.044438  -86.610477
-24.089220 -22.528129
41.319646  -95.577866
-21.882951 -29.669402
-45.481223 22.018155 
-78.703122 -14.861105
11.111301  76.694613 
-22.851970 49.132899 
-7.384429  67.851703 
-17.034022 -29.304570
54.104819  73.928987 
88.109271  52.772335 
27.788963  13.222221 
-74.711743 26.732921 
-94.909849 63.496520 
-1.665335  5.068136  
39.525038  -40.296543
13.677438  67.925036 
88.975154  9.914077  
-56.182527 -75.821583
-66.958115 -12.715173
29.478824  84.465972 
83.886834  60.980477 
-54.556622 71.245297 
-94.622409 67.813780 
50.138991  -54.711842
59.902838  -18.914861
42.258669  79.359375 
37.913191  54.065971 
51.257058  13.786964 
-76.508646 48.813897 
-63.119057 -65.869256
-65.831732 75.555739 
-63.830779 59.394805 
-52.361697 6.969741  
-19.998161 -41.070186
22.534842  35.176708 
59.471887  -56.947314
-52.343658 -55.252825
-41.853597 32.716442 
-6.083868  39.991472 
25.550855  -61.352708
-15.322529 41.965774 
35.947549  -71.071044
29.428890  25.004865 
-70.362186 74.673264 
2.948468   -57.890759
-8.130403  -97.049730
-42.736610 52.237160 
-43.529545 -83.046100
-86.734495 -28.842648
99.525883  -29.939095
6.409534   -67.393881
-58.719024 62.915745 
87.244440  41.597916 
-89.333294 -28.731452
-97.936051 -7.356944 
17.395602  -72.283180
-95.946115 -25.819057
35.751183  94.194026 
21.408773  97.225730 
-10.301197 50.130121 
58.769872  -68.851218
-13.278728 95.157491 
-80.226334 -57.311875
-57.700792 82.244374 
77.649100  -82.872925
4.510589   -77.477041
33.759056  -95.187683
32.419634  -73.585107
-19.357735 -55.594100
94.050074  -45.965878
88.939052  60.578603 
-59.358642 12.349203 
43.525107  98.343264 
-80.144094 58.703684 
-82.272960 -16.683919
14.774864  -13.807333
-35.604591 -55.005359
41.005848  -27.016149
29.931031  37.190166 
20.487038  -22.842728
-89.485964 45.674552 
-41.838714 -16.525267
82.023729  -37.871930
-0.946815  -54.320693
84.137891  26.068349 
19.795782  -67.863784
90.329961  -31.204461
-23.243874 50.748324 
-73.763101 -59.296985
-94.765281 24.446528 
36.432495  -0.195857 
-53.554624 -75.469396
72.866148  -2.491605 
12.563229  -9.760374 
14.269832  92.620705 
59.580505  -54.001597
-19.287784 61.732413 
-92.399891 25.334465 
35.707412  -84.287964
-16.226758 -15.460945
-60.399751 94.652559 
2.708394   79.383947 
-83.474619 -71.795013
30.959814  -48.509548
71.174695  -24.101866
-61.892768 6.195946  
-38.835799 18.513905 
-61.262172 -37.348025
-17.120716 73.474398 
97.012443  -53.083150
15.790735  68.348238 
-0.789564  1.223350  
97.218970  -13.539413
2.495109   -99.418840
-94.897077 -71.270448
48.439249  20.506593 
-81.819122 -88.896897
-44.349072 -92.002140
65.530432  -6.201112 
-40.882525 33.942297 
66.787074  -39.353041
-21.169455 74.531301 
-99.343465 35.805196 
-25.732391 28.060283 
93.195333  17.104683 
-35.365577 -25.169397
-58.823450 36.478933 
-0.653179  21.610728 
-46.600175 87.229413 
30.097329  51.484139 
25.221163  55.943578 
-43.599548 76.918258 
18.692163  -50.206431
-88.291597 -79.600524
4.380185   35.861245 
1.726062   -3.122986 
-34.998374 40.851211 
-24.723692 15.272625 
43.412989  -89.635646
-49.701692 64.616216 
-53.457280 19.291430 
-60.283941 44.530762 
64.130680  -19.950371
-4.438330  -72.639898
41.232328  -59.023197
-74.015278 -36.536698
99.283238  9.928723  
45.170884  26.191618 
61.269797  -38.886451
91.445554  -96.847290
-21.159354 50.381851 
-33.929925 52.589839 
-90.274649 -34.202662
33.900475  -64.736664
65.703389  -54.086164
-22.173201 39.564326 
-36.021199 27.483175 
72.288502  -55.640271
-29.096465 -31.053896
-86.780959 -52.874508
59.909068  52.316248 
44.216770  -25.435116
91.994115  40.820415 
90.072086  41.488390 
83.637240  -24.865888
24.066147  -6.609527 
2.442706   -77.225308
-30.224742 37.933632 
80.551173  -66.373423
-55.009794 -32.584496
27.565172  -93.590984
-55.645160 72.034363 
80.080197  37.030231 
-88.650213 -35.263214
-52.743442 41.309108 
-55.873395 -9.835868 
-48.269846 -2.646533 
-54.070573 48.564405 
-62.928957 -77.014840
-11.251808 -19.660654
-27.277700 -61.969460
-75.814954 57.733270 
84.613509  -51.366096
-51.578532 23.589857 
-71.353536 -35.663571
-65.475743 -25.369800
23.942443  -78.448852
-9.140087  -60.854652
-74.201145 20.210763 
-51.960725 49.347401 
45.172003  57.272371 
77.436150  -82.254698
46.919122  92.991123 
-86.908981 -58.618380
-74.538791 78.924051 
23.427846  18.862402 
-39.793882 -44.517705
-77.730323 -69.642541
-55.998399 16.541753 
24.047384  -39.221103
38.910704  -44.098183
-28.929419 -49.409077
-24.399620 79.661434 
-50.654884 -67.529825
-5.367110  21.149542 
-56.838778 1.932572  
61.528971  76.825092 
-95.673732 -69.220026
-75.812717 -21.122263
46.952904  -78.227949
57.749726  -0.322892 
-29.987333 79.122838 
-70.247350 -43.687097
-39.797357 -73.618301
-66.487165 -79.804399
33.167763  18.410150 
-36.298783 21.378489 
11.891666  90.767259 
-9.779982  84.026105 
-41.078639 -32.055625
5.173872   -29.778872
5.953555   -47.701815
-67.848925 -98.038191
94.593383  -2.209418 
54.479416  -55.563636
-62.368917 -16.345175
29.323552  -30.355884
-13.361549 -61.283529
22.209286  95.944654 
-19.446624 -19.515976
-85.058640 71.802851 
76.354613  -8.148328 
12.774014  -85.108531
45.506937  -50.286816
-70.386229 -22.002259
-94.326107 -84.589785
11.301121  -98.722882
55.185001  -6.853226 
-46.824904 30.380630 
-69.689983 66.952871 
-3.355829  -31.694678
-15.044402 70.429371 
-64.904958 32.814567 
-94.759510 -30.083141
-48.392653 62.523983 
-90.482774 -85.372336
-17.321390 77.254712 
95.080604  -95.882747
-38.121512 88.148889 
-24.618151 -2.069720 
11.681697  64.584435 
-3.659482  -44.452170
-80.391827 12.053235 
74.160219  -95.024089
-88.854222 -9.876296 
34.081032  37.051114 
81.352997  -26.063276
-66.377623 -18.836083
62.329457  -78.088147
-35.794052 3.953099  
66.582323  -63.832013
-55.673792 -33.986530
-70.064292 7.687338  
76.136313  -57.946217
68.364304  -31.233475
51.267798  19.702795 
-42.720565 -32.117662
-36.824212 88.326966 
-57.124317 16.523423 
-14.330038 26.327954 
-1.346751  -40.191099
-65.133693 31.404098 
-44.700839 -29.425486
92.495271  -19.463128
68.433901  -57.846344
-53.948416 -80.184888
15.766622  -31.829641
-77.528655 -63.430637
58.215393  1.522856  
45.425138  80.014331 
-86.324917 -49.156709
-85.905122 -20.928320
-21.121915 83.413787 
-47.389153 21.053581 
8.034610   23.566469 
99.328176  -19.345893
-91.893285 -97.852315
14.145324  52.150549 
-6.191880  92.555912 
14.226308  41.509858 
22.708585  20.058465 
-83.836534 3.901433  
-46.108156 -90.406231
-97.086963 -22.844188
7.669940   -11.727211
-64.824069 80.118667 
52.891972  4.237516  
-56.177790 -82.272462
55.764674  -69.126381
30.276200  -60.356296
-19.960663 -45.104323
-55.389000 -9.231770 
-41.592065 39.780720 
5.014472   -4.022972 
-68.226458 -11.415031
86.565693  -81.998098
-12.398150 -67.573074
48.950797  -97.453044
64.178611  62.070893 
28.938092  -78.019984
91.506024  87.247805 
-25.878552 84.348693 
73.598290  -0.834972 
96.327744  -49.028138
32.958413  41.331814 
81.272015  45.435387 
3.054641   -40.061029
-6.066635  53.999366 
38.126362  11.427022 
31.609216  -67.749725
41.700383  -65.045829
-38.382298 53.984763 
42.154438  20.472807 
-5.730241  27.043059 
-4.007751  -54.888564
-50.435734 38.855867 
50.606905  76.091838 
96.890190  59.594631 
-99.106649 -28.638083
76.470729  0.947522  
-83.053955 -25.983988
90.700952  71.311106 
-84.228685 37.117860 
15.752980  -24.546773
-40.205290 78.468092 
-55.195285 56.014640 
-19.901696 -5.020537 
-90.081046 38.949994 
-73.530151 -21.424472
13.582280  -82.952639
64.437349  29.518467 
-62.240192 -29.933882
84.586363  82.682387 
41.232512  -35.293402
-55.372900 -16.035686
-39.770420 0.282621  
-75.953754 81.544629 
-67.681717 62.893723 
40.292571  -39.908350
58.063829  63.831770 
-13.822522 -77.364177
22.808753  -38.365617
32.652529  4.747988  
-45.047112 83.188134 
-2.661055  -32.233632
-10.708414 6.905530  
39.676181  15.770391 
74.783059  -72.403617
-66.612168 10.951161 
7.392888   -88.019905
32.753500  68.036435 
-60.653491 35.081537 
37.300940  85.920027 
45.256572  -42.347522
95.597442  -65.027700
-90.094753 -96.436080
80.141756  -83.927704
10.914121  -88.451623
-86.369904 30.353796 
66.353107  -6.510469 
5.158023   9.531010  
-87.001580 79.759801 
-0.400865  64.077758 
85.958214  65.462004 
56.562475  -59.300946
51.807499  10.837409 
48.373081  34.766412 
69.820582  75.112057 
91.920767  -14.711078
78.127763  8.179090  
-12.567057 23.952524 
-9.868977  26.344980 
93.231874  20.553479 
-66.054350 -20.031429
79.623389  -48.833317
55.754261  82.703096 
80.591499  -78.631582
34.467400  9.817057  
69.309406  55.817024 
6.049099   -8.544236 
1.484438   9.335366  
62.216968  46.578792 
89.947769  -35.941115
-72.813148 -53.931035
-40.303904 40.579310 
13.416706  -25.541364
71.584670  -97.956700
5.526385   -23.065699
-7.462426  -34.778609
59.965210  -71.545736
-66.727743 -48.293750
-12.862074 -36.650331
-97.043210 -94.115981
-40.407120 58.613823 
31.277751  -73.148125
56.159712  -58.809007
-8.337038  15.545979 
13.653107  99.616974 
14.557047  40.013125 
72.330796  40.672256 
-45.162584 -73.333014
94.991691  80.258680 
-47.822295 42.706597 
75.990134  -10.027958
11.163625  38.823284 
30.117555  -7.555894 
31.705350  74.178044 
-30.237813 -83.102842
-28.326583 11.173448 
-81.832192 55.687431 
-60.441917 -87.765750
12.414893  -59.766708
-18.147763 61.066045 
78.701632  -23.073279
75.230949  37.996277 
-77.259850 -47.396140
74.949564  36.945314 
16.195259  55.768422 
-6.851228  51.463886 
-82.545791 -14.382520
-51.125465 53.786405 
-88.165997 -31.909146
5.446920   -92.640079
6.840739   -1.257192 
1.434238   -19.387555
-20.029428 -18.277003
-51.400883 78.028806 
-2.887117  -7.746757 
-45.334537 38.751285 
50.359059  -35.213295
-47.733981 54.368130 
41.338213  57.361293 
13.671300  73.833956 
99.118518  20.793110 
87.308207  26.673316 
9.687886   -62.603744
-90.266529 45.148320 
55.305690  64.808578 
-99.257525 34.891625 
-18.718695 -6.143694 
57.328280  56.626792 
79.980201  -73.573522
-73.207625 -92.254323
48.452961  34.458875 
-56.381403 -61.165461
48.247593  80.496661 
34.296701  57.546629 
-70.315428 -62.539819
37.514038  -52.270320
4.215880   42.042409 
59.638674  -21.837707
63.983610  -42.659717
74.960224  53.657106 
-67.151827 7.964320  
29.321973  28.564501 
11.463495  -37.167059
-19.714867 -27.429847
-84.155130 43.251486 
-1.104586  47.328922 
80.693345  -25.665526
-71.277892 40.816012 
-76.984259 89.073520 
47.091555  37.781900 
-5.232855  85.347650 
94.670638  42.834123 
-4.094211  -40.079272
-70.541968 19.725510 
-98.243540 71.154551 
-46.771582 -83.743480
60.335124  26.929014 
24.680440  32.105163 
-58.714095 15.659123 
-57.891414 16.251915 
76.634257  88.004921 
-14.392814 -78.091753
-1.804352  -26.743011
33.706971  54.721885 
28.069246  99.545487 
96.387082  10.205498 
-64.847345 85.795197 
61.827304  1.237118  
76.166258  83.025137 
36.763304  -98.386493
31.569651  92.786799 
78.021516  -41.955798
28.875946  11.440887 
-27.342601 12.123463 
5.701035   53.311988 
-1.957868  22.643135 
-99.722816 -15.527111
5.442585   88.932480 
90.490164  76.183076 
-59.704293 -80.136596
-13.233554 96.126345 
-75.032946 55.277784 
25.055972  76.189809 
84.934127  90.071455 
20.538741  -53.732651
24.646428  47.962895 
-69.106330 -4.346210 
98.462360  -64.024743
95.155292  -31.391657
35.771922  47.801836 
80.328231  -67.919621
-94.083794 38.581619 
30.663567  32.229976 
61.766317  15.717393 
46.278998  -7.547737 
-3.744548  -87.140730
73.420158  57.485573 
-5.262684  -37.283019
-63.951030 40.789147 
85.280576  30.690942 
12.350546  -53.065703
64.088875  -56.128949
75.309683  3.394446  
42.236418  -66.621021
-60.362107 -19.807732
-79.174223 76.409576 
-3.928227  -33.194331
-12.024575 36.339824 
65.340341  -43.926258
4.024193   18.548212 
59.237343  -40.350110
-97.341403 -54.736963
58.244775  55.959797 
82.396903  -29.304223
-76.021010 -63.173430
26.816428  36.285367 
14.358335  -27.797041
36.825647  2.768088  
78.751536  43.512255 
-36.625639 -74.893740
-8.512847  97.919816 
-22.790855 -77.377749
82.931741  -91.093902
-74.230716 -31.397107
-10.630052 -33.298746
-65.536933 34.811099 
-25.892496 -95.030923
94.538547  -83.320326
95.692275  -86.098353
72.739518  55.496087 
-56.478033 1.297095  
-43.660556 -79.915692
31.570862  -6.392453 
89.279414  97.747344 
-37.625083 -0.170595 
-18.578407 -85.142723
46.526112  9.133646  
-9.455110  -64.999609
-73.120611 75.199639 
11.865560  -84.682941
-59.237864 42.600897 
36.127862  82.688271 
76.237461  -7.340843 
-28.745092 -46.536191
-3.617774  70.602473 
-39.725393 73.155870 
64.342398  -17.628585
-77.586921 65.502234 
-96.378825 -76.923103
91.767331  72.568092 
19.722491  -7.856674 
-62.558150 -23.430499
-77.788852 63.849953 
57.548248  10.981334 
30.378534  63.177282 
77.256227  50.939210 
-16.980315 90.866849 
25.235708  -23.803117
-72.448082 83.727845 
57.271925  15.520684 
41.525601  81.675949 
62.121771  -59.295954
89.253549  93.618865 
-80.737054 -30.012325
-74.329736 -86.223435
-8.911221  70.209682 
-13.256637 79.144556 
56.702509  -78.049902
90.680078  2.745816  
1.619747   -72.517354
68.538093  -41.720171
-40.815984 -10.625289
79.868331  28.974353 
62.533981  -81.124035
-68.525947 -3.637311 
48.162073  -72.745202
8.016438   -83.785079
-83.676615 61.893021 
-26.985521 40.530273 
85.061065  48.736093 
3.698587   78.436155 
-0.509612  -35.223121
-53.197208 85.398145 
59.249486  36.287437 
47.470370  -53.222735
-96.642440 18.340451 
38.964585  68.581848 
-9.963110  -53.148849
7.035029   95.229759 
-96.397989 -48.027575
-82.465479 73.440759 
82.921955  54.229266 
30.106511  -11.359415
73.481544  -77.377177
54.157826  -43.358197
-18.495828 67.353247 
-84.623661 -16.255730
-95.348049 -22.045561
-58.169060 29.572407 
-38.155334 2.942908  
-45.753467 -99.618519
69.995731  -42.630067
99.155408  6.051523  
-44.549851 -37.112696
43.655928  -85.063727
24.591853  -33.352366
19.951245  -66.626159
36.097014  -90.583901
36.144469  -33.704828
97.660347  55.518487 
27.466117  78.134762 
20.462874  12.285066 
-73.118517 0.370659  
12.663633  34.861987 
74.299908  -92.212648
-8.547220  33.444424 
-8.413656  -35.030833
-56.457330 -83.257428
49.689711  -93.840048
15.719798  -78.742361
65.782000  -54.105967
22.608680  -61.480870
-89.847625 -48.677967
80.372459  89.938338 
-41.844602 77.097897 
-52.874106 70.564297 
97.526174  64.834016 
-88.151870 79.766909 
-84.073688 89.421153 
-17.144335 -70.375003
-33.466291 -39.958678
21.679395  61.995464 
95.769531  -86.754096
35.500349  41.028134 
58.827456  -36.093264
38.240102  -75.836967
3.714773   41.422969 
-72.499881 -54.697666
23.117497  47.886508 
19.297180  47.178590 
-14.132012 -42.828088
72.828859  31.191923 
-93.492700 -35.507606
34.158540  58.159703 
-4.887783  33.744049 
98.949618  99.230401 
4.182792   41.894439 
91.908800  -80.107859
-16.202071 -98.727122
65.460872  -66.327822
3.636319   -73.301522
0.365404   -72.659225
64.170498  -77.839540
-41.878971 -91.564739
-5.632223  -18.706153
99.629060  -71.372337
38.894549  -10.190071
99.705166  55.159731 
41.360735  82.888074 
63.701510  -7.317652 
55.524229  -2.151624 
-83.868773 49.916856 
-12.616835 -48.875211
-6.266363  60.609775 
46.980094  -97.351927
-74.569467 84.589081 
7.545371   18.377352 
-84.047888 81.951928 
19.150781  -14.973171
-55.966326 -85.052868
-8.823724  18.311954 
7.751846   -29.386149
90.915548  22.874274 
68.482231  -69.252241
-26.959032 -2.057024 
19.509561  -20.025306
-60.201995 56.055076 
-94.680272 -89.479592
-19.515266 52.877551 
98.253202  -73.565127
-40.309097 33.500761 
-81.740486 -84.521187
95.319228  -58.652807
59.881986  -88.089011
-72.274369 42.966295 
-95.827510 -86.350220
-34.584343 -14.303183
23.434499  2.672441  
-4.155580  -85.028534
39.863897  90.876849 
