128
19.370279  46.681673 
-24.529364 -26.028893
64.437916  7.978097  
-44.381115 5.719585  
-23.695877 36.076133 
35.426041  -18.283034
-17.962642 -12.292754
-20.159014 -64.273800
-57.159381 59.114997 
-49.296201 66.796942 
41.180769  18.171451 
-40.979150 34.878466 
32.308636  17.906597 
4.847480   15.251767 
34.175588  -63.556482
6.949597   -6.596320 
50.709293  -24.686224
1.936963   48.203164 
-50.235579 36.144384 
-58.264732 57.482872 
-7.654183  50.308443 
51.360863  -33.518758
-11.226796 5.064355  
47.352827  -30.956576
43.837180  -10.432535
-44.302607 19.645964 
-9.544293  54.011044 
-1.836860  -46.484612
-17.466523 41.069913 
16.451018  53.511112 
-47.633576 -41.365796
7.981123   34.939935 
-39.303568 -39.863523
11.627576  16.884959 
63.986783  45.782451 
69.083203  -52.729641
3.297107   -36.646067
69.064688  25.234900 
-17.371483 -37.587486
3.262470   -45.693068
3.177958   -62.650050
19.057181  61.138535 
56.641012  52.758308 
-21.991548 10.340861 
25.692526  42.807395 
46.773462  17.020117 
-51.487100 -16.739146
-30.956075 0.968400  
-19.442344 24.667423 
-1.375621  -69.687346
43.210080  24.421029 
-53.845248 25.254172 
-42.419648 38.162280 
68.258538  55.836489 
5.809514   -50.664829
-26.722466 41.238602 
51.205932  -57.069396
-58.663796 -19.487046
68.947927  -12.538272
58.670757  -27.711264
-57.944533 11.023024 
-30.694475 27.721593 
40.539018  23.710027 
-18.689087 57.959924 
6.748260   -61.402056
-46.661702 -43.658623
-2.607454  33.554637 
-18.146534 -24.061495
21.720981  -29.136362
-50.564944 25.142975 
36.477501  43.340471 
45.521989  -19.544426
-13.517196 -64.008492
3.391831   -25.764458
-45.303400 -42.787220
-33.994195 23.679131 
67.954131  49.012156 
4.941538   19.536997 
48.177880  43.253232 
49.131133  -31.508642
60.011363  69.436809 
62.871812  30.099867 
-68.192732 27.064255 
6.794134   -39.931560
-25.948242 44.190681 
44.571314  -19.149355
-21.759129 57.441426 
-24.677181 26.277527 
13.501759  -31.898846
-21.697373 23.568361 
6.390609   -61.777497
63.904067  63.080032 
-17.903981 -36.517626
-17.065562 -39.571332
14.603942  7.876063  
40.372512  -43.498367
12.676926  7.363599  
-18.700237 65.758992 
3.283117   -45.046274
57.149949  9.862807  
54.116291  56.959603 
41.539954  -18.413336
22.916607  -17.649424
-0.447573  -50.994315
-62.026815 24.562976 
-8.948721  -61.153416
1.196980   25.125467 
-50.231574 41.101167 
-4.795079  32.900114 
0.586642   -36.117426
32.892859  68.519898 
53.056016  21.959701 
-18.694254 35.730725 
-9.530322  -53.439151
-47.865169 15.945445 
-59.549470 37.368851 
11.901919  37.166281 
-41.657276 36.855892 
-58.127072 -35.430100
43.071540  -27.360851
21.011856  -40.303658
-17.709990 43.466525 
-16.912393 17.403854 
67.797722  29.912257 
33.495737  -62.484717
-16.986630 -26.541122
41.987085  48.431950 
-38.720284 45.423867 
