2048
25.679568  -33.439514
90.162220  -97.312313
81.245587  40.185970 
42.748771  33.750289 
-88.958991 -64.028456
48.946032  -14.799850
17.066825  97.314725 
10.036624  52.366516 
2.136493   -34.133912
41.924276  -19.179020
53.674762  -19.046249
67.214747  -44.142738
50.091108  -108.814410
-78.685613 13.681585 
4.422627   -58.296152
-56.946948 -22.114649
-68.360886 -86.449583
73.532102  -22.591121
33.657263  -42.239976
-29.847461 -74.170070
-43.527958 -83.959506
-57.263876 -39.057940
90.302347  -91.106673
-76.398481 26.950948 
81.095919  -23.758335
-16.000926 85.883838 
-107.032938 -97.436254
-0.147095  -37.452468
103.925243 34.386746 
4.537149   72.910876 
100.759992 -37.979442
-104.218143 -89.553016
-48.540911 -81.942746
-67.612504 108.846939
-86.511097 -34.881417
-3.921003  76.668487 
-95.636846 72.532216 
-11.548847 90.789685 
39.487611  62.722956 
77.602345  48.678101 
41.209745  -54.436558
-57.561014 16.962554 
12.721541  41.830304 
-8.265514  -2.494010 
24.975829  60.543372 
-9.925215  97.610691 
-28.795369 68.668111 
-71.013481 28.444979 
-72.401494 15.797753 
-24.491205 35.449481 
-9.956305  -33.443767
-23.722721 33.042846 
-15.553906 35.665999 
-26.299271 72.550291 
27.928317  78.013557 
8.187168   83.505571 
104.391239 -88.427314
23.742824  -61.538806
109.017325 -77.928518
106.266721 -29.749181
-96.236324 77.882363 
-21.784486 50.462974 
5.651983   -54.231407
-7.380908  16.335263 
102.926002 79.023239 
-87.531083 -100.194915
17.817128  -85.274708
-109.694330 -55.397402
-60.292501 106.812195
73.071040  -63.227033
-5.197793  -109.700043
-79.716009 70.871543 
-13.014153 -92.633697
27.584185  80.925752 
31.939417  28.505176 
-3.069545  27.933034 
34.945222  -5.617712 
-35.261741 -44.061668
-33.372949 95.417867 
-107.351783 -99.726984
-73.504819 89.772830 
-80.992878 81.420225 
9.658626   6.781202  
39.877803  0.068176  
89.199847  -84.037310
-44.095095 57.365348 
60.606500  -83.873579
92.121243  84.510218 
81.910861  -44.106857
16.249895  79.573996 
45.332713  -74.033722
-25.370600 90.824264 
-89.313141 -57.218184
95.989081  -50.159470
97.805689  13.727845 
71.101897  52.113172 
13.825216  -63.939117
-43.530533 -44.018714
23.976484  50.006174 
-0.992282  24.820622 
37.381950  -22.663978
46.544076  46.408274 
-9.493736  -90.622803
-91.314100 10.283622 
101.250181 -57.228589
-60.495540 -62.738076
13.631485  99.315427 
39.671997  55.966274 
63.875561  -74.371135
-72.480533 11.677647 
-12.506331 1.551304  
-107.524994 24.173632 
-4.394941  -82.836706
58.098742  49.358097 
-33.003989 100.851225
7.056717   -85.207647
25.445790  15.603210 
24.068639  -31.064392
15.459659  23.499870 
106.796826 101.680241
56.919755  -51.040252
34.342847  6.669002  
0.093646   -81.614621
58.283306  1.891737  
-36.800100 -104.135217
-71.388609 -61.957062
58.892327  -104.019712
105.655848 6.177938  
108.739998 -107.412779
94.015371  44.999942 
34.163418  -27.067672
35.989865  -12.027383
82.897702  -57.260095
-39.440424 -93.424014
27.579934  25.037335 
3.484872   -66.150032
-24.689890 72.139727 
-0.156356  -19.409793
-91.933301 102.474578
-46.862628 81.262478 
95.327230  52.529216 
-18.301581 -74.869107
5.097570   75.905731 
44.032064  90.684076 
64.726002  33.424178 
101.809262 -70.856777
19.619150  -9.627616 
32.097816  -104.607861
81.794330  -72.985661
73.556800  -105.836594
92.579524  -10.958778
73.832903  72.227709 
-34.986793 36.322203 
78.397621  85.764820 
47.603678  -9.352705 
-94.388659 87.672793 
100.949687 -16.408757
34.300736  36.375805 
69.170401  -96.745733
83.841659  93.747010 
72.462626  79.706298 
53.456950  -26.149697
-68.888404 -24.233436
-65.559204 -88.573965
35.621231  -93.305294
9.415036   -76.132530
44.061775  86.039589 
-75.056921 13.048189 
-75.540019 108.098852
-77.237401 40.321153 
-39.007562 25.201476 
10.180942  -107.470896
-59.820236 85.609125 
-84.719582 -43.393207
-9.079093  7.961621  
-84.709614 -102.713691
-70.975007 -44.782612
46.417452  43.118063 
1.834988   -96.824004
-86.214434 49.577365 
57.590790  13.703712 
-17.372998 -96.641242
-97.398836 1.635015  
44.279447  -27.318643
33.484026  -90.216494
-47.399795 72.627972 
37.127914  -92.403672
-47.761414 1.252429  
-21.615056 2.560974  
-104.240193 -92.854330
-57.247167 109.205638
-11.561900 -33.741561
90.932161  -50.503391
19.183826  -87.074545
14.265860  -88.354520
-37.000863 23.797112 
-42.036899 47.684036 
-76.690647 26.012939 
102.940858 -68.268978
-89.200727 0.400214  
-63.904067 46.787675 
-67.210357 -23.264770
105.499428 -45.302383
16.833783  -82.627219
-12.991411 -33.911404
9.922237   55.808379 
-93.228653 -41.537473
100.327982 85.363943 
88.537870  5.166222  
79.976243  -43.024173
-38.458245 -4.822166 
101.703022 -65.165943
74.145165  -89.020506
71.613701  -17.969278
-97.171869 -20.173594
105.442373 -77.685645
65.615296  57.501367 
54.406617  28.633802 
41.312650  -40.044326
-62.835964 19.343141 
-107.125788 -58.538093
-40.811814 -28.632437
53.487480  60.826572 
-107.389539 107.151483
-37.415639 -73.973328
-58.070599 -75.857974
-49.854288 17.660873 
50.722563  -102.217642
106.567865 6.250232  
-22.115967 57.504868 
89.753574  -104.851304
39.814810  -54.985006
-85.865922 50.951234 
82.495893  32.633306 
42.649208  90.764783 
-57.149741 28.410446 
97.743646  56.184770 
89.084034  -43.119361
82.279665  -106.866149
-0.314301  101.964359
-84.628463 70.141393 
-76.340452 84.886049 
39.136155  48.621460 
-27.446830 -44.549558
81.747292  -49.413215
-3.575165  57.708616 
-43.078342 -91.972079
1.689678   -18.383400
-52.766217 17.131635 
-29.781027 69.508219 
-92.991399 -61.050605
-55.805269 -74.556506
52.090675  -71.934353
-94.024969 5.586375  
101.797475 41.628487 
52.540361  75.543578 
20.371480  78.232710 
-74.328283 101.101795
3.623162   -70.472704
-93.131201 -17.589087
-5.774738  -0.795078 
-79.039028 -32.108950
72.592615  -72.292788
-91.088796 -102.484822
-67.652023 -75.074330
53.059691  -34.531240
-109.708668 14.570020 
-18.883421 -109.681389
-54.504782 106.349415
-26.369556 -58.435739
-82.284970 -19.270140
21.607507  60.773855 
-59.433300 71.287217 
23.725971  3.188480  
18.254061  61.024702 
-36.661115 12.826086 
-35.621483 -107.771992
-75.456093 -94.548407
77.271838  9.895291  
72.002633  -109.378472
-32.465274 97.199733 
-53.133243 64.187368 
60.467771  -92.609346
-51.231235 3.248453  
-22.879359 58.566486 
94.636235  78.430317 
11.445149  -62.381750
6.422977   -23.614075
-21.724207 60.067229 
-50.927119 -63.175957
52.930487  77.649795 
-65.646600 -44.527977
23.968653  -53.791299
33.565487  -77.137749
86.443414  -99.846970
94.653947  -63.218743
-104.086656 -49.779417
-73.910556 25.110254 
70.355449  -46.651510
22.294411  88.054837 
50.404481  -43.714787
23.964360  82.387499 
-37.420854 38.170793 
-70.900880 98.247735 
108.045055 12.784850 
-54.054447 77.107935 
47.661370  -8.055029 
-38.938048 18.661143 
-73.286497 38.575373 
103.688196 -45.682175
-77.371183 -109.363487
-78.705841 -96.728285
70.185139  11.189041 
-101.308178 102.971835
-5.577973  -7.148883 
58.091203  62.235500 
34.896164  -63.576890
-103.096417 21.112060 
-91.475170 -77.070884
26.354737  -42.958859
-76.842258 16.755250 
-84.431526 -105.222288
60.061496  -99.062499
-6.595530  50.579212 
65.894050  97.084440 
-20.220928 60.885250 
-45.579591 -81.292059
-81.295745 -44.324674
43.508444  32.485300 
86.017210  -48.765621
-78.144427 -18.461954
108.813870 108.251892
-85.738994 -13.368703
-4.830410  36.679692 
-9.944142  -56.180503
26.199630  49.327097 
44.056728  -38.760970
10.105449  -44.770593
-3.878949  89.961627 
-8.874771  -105.567793
109.826879 94.449401 
20.934743  -41.210953
-55.448209 13.269936 
76.418196  -19.476794
-24.125787 67.602299 
40.782257  47.332320 
5.920266   59.697921 
-5.615591  14.594216 
-34.991538 92.393979 
-89.605454 -97.953389
80.927288  -47.207280
-14.650950 49.475658 
-102.889039 100.283488
-34.190089 -34.399575
-104.322410 97.318649 
85.078808  51.211030 
-79.687754 -33.569389
25.091355  64.870559 
4.208889   48.191578 
-39.079223 17.789034 
-89.595447 22.709497 
96.902269  -18.769387
32.051547  -28.853455
-34.019720 60.368849 
94.797587  109.836943
-56.357887 61.006122 
91.255966  -57.134997
41.513132  100.845646
-36.632075 10.308701 
-40.012325 -15.906916
77.850061  -39.352841
61.969401  5.073146  
57.007452  -54.380473
47.991377  -58.344428
42.332585  -1.769159 
-34.488504 -32.145243
-58.279206 -99.019564
-89.157244 25.659568 
41.346019  -93.094958
-12.526541 64.831049 
-5.124423  76.962300 
7.739425   4.292655  
15.541990  53.201708 
-96.137070 -17.162445
-97.824553 50.009557 
28.438572  98.005292 
7.297290   88.039815 
-30.258661 81.017869 
-31.708480 -28.583497
69.691401  -66.475684
31.491254  18.392379 
3.018663   -48.652012
-11.236374 -80.706030
-21.710971 -59.347434
-89.265851 -35.260431
22.835820  -46.735099
-95.655176 -99.386903
-100.895025 -101.988427
10.072748  -43.174089
75.789359  73.146830 
-57.892816 -106.637007
-64.720730 -35.430464
73.789028  77.341678 
-49.038385 84.110101 
84.998092  54.133749 
-93.217371 28.686470 
-6.100607  69.188621 
24.791269  76.928019 
100.094367 27.561715 
-103.946485 -37.809696
78.870108  -107.884645
29.910955  -14.218559
85.003733  14.635683 
-89.506448 26.043934 
69.046214  -51.346276
-27.724259 -64.744107
-58.658341 -28.569269
-32.574913 8.596946  
-40.631186 -83.793259
7.581227   10.652718 
-68.602168 -79.444930
87.302438  108.236588
94.523219  -66.535090
-6.919100  49.384175 
-72.574009 39.649247 
40.540573  -88.599410
45.344812  104.403221
75.385867  -97.757709
-102.711114 8.219451  
-50.620647 55.900334 
-11.830666 -105.026233
-88.835077 41.345018 
14.654887  -29.219298
-12.158412 19.406069 
21.545403  56.103835 
-9.533281  71.301181 
-28.332581 78.297702 
-95.389008 -95.916412
-31.944962 107.527603
68.056176  -90.346749
-73.619145 -105.542458
-53.861271 63.287171 
-93.730322 45.860890 
36.939333  -50.414111
-18.055394 76.096331 
-23.781515 83.613588 
-69.541384 -72.257893
2.721775   -89.120146
-102.328035 -92.370206
-51.213976 5.921680  
0.153639   18.710768 
-23.942717 -34.424622
-103.632778 9.130591  
-24.123409 55.636217 
-82.199265 96.977584 
21.726392  70.564818 
-56.507663 -32.753163
80.621450  89.530888 
-21.829533 5.829441  
45.167205  34.318103 
-67.628771 -59.923713
-81.931072 7.433836  
72.882571  14.468875 
-22.492196 20.150181 
94.914015  26.937268 
-109.893503 30.151366 
-27.491760 -18.616816
93.632798  -96.164351
-52.520508 -81.108672
34.250489  105.177968
-95.309235 34.555732 
2.657380   -91.064816
53.596352  -58.417660
-71.541960 -57.172337
93.533538  -78.939968
-8.981928  106.731073
-0.451988  69.584041 
14.409112  83.317509 
-93.766790 -105.495696
-86.567252 -46.685491
21.271514  -5.791006 
50.628055  -23.025020
-8.642454  -71.939999
-41.683399 15.108783 
-18.941466 42.142716 
-2.030449  -10.530294
-79.596120 56.266855 
13.442236  57.330173 
92.480691  52.334361 
101.886099 58.034565 
21.321633  -39.316500
-4.361685  -10.107057
-8.909353  69.989037 
96.595907  -97.108209
39.198165  -18.443483
80.421138  -38.676186
94.113761  38.492713 
100.807694 38.644584 
-57.537514 42.289303 
7.523582   18.271831 
-48.732351 -98.682802
105.515527 -97.153085
-9.306907  29.007292 
0.670600   61.244544 
-69.599998 -70.614733
91.365667  -20.633681
-79.588392 -18.783320
25.711750  -106.298406
-18.882219 -95.880575
10.030677  -28.910579
-26.604673 -10.634909
42.847596  -20.019663
107.973210 88.696377 
54.360816  -35.472711
-25.292351 11.280526 
103.541011 57.702356 
-78.288247 -81.836098
82.211133  80.072540 
-61.636634 47.174225 
1.575134   90.755888 
-18.118285 42.209005 
2.282742   -14.427438
-65.968252 86.150908 
-56.756206 52.202043 
104.073796 -22.204366
3.242009   -58.474057
74.360487  -74.549076
40.007151  -29.295140
-38.162855 -77.830021
-19.056607 96.368696 
-4.674434  -10.864308
-96.438756 -62.857376
51.701113  -80.131210
-13.351237 10.794631 
-40.745322 96.431292 
84.378411  75.507042 
60.859392  -52.327540
-23.994515 -92.489649
-28.168147 3.122434  
79.088173  -83.143845
-84.055195 26.507003 
-94.336031 -60.135811
-7.014581  1.285864  
-74.720772 39.165147 
-12.914285 -15.734597
67.845629  79.430989 
44.415422  -39.776528
70.458282  34.653273 
-32.601368 67.838068 
45.981916  48.321401 
-11.900844 -44.095944
-11.625544 36.486420 
16.164487  -41.775246
76.521560  60.147321 
52.685027  13.834036 
-10.268371 19.107367 
69.535714  -95.537688
-79.014070 -23.392780
-58.806884 -78.294884
109.951825 15.022123 
47.837884  37.198775 
-1.062171  7.085726  
34.122656  -2.436427 
-78.615594 19.721738 
-109.360477 -49.363101
-71.438242 35.903879 
102.429833 -34.918678
-23.465006 -84.038885
67.344758  88.451297 
5.864050   53.092556 
-94.181189 -16.624285
-28.679327 -60.584185
62.869473  97.920969 
-35.865586 -2.602086 
-49.894681 -14.914952
-40.907765 65.090929 
-34.122494 32.080103 
56.645135  107.439051
92.921990  -108.554515
70.505919  -107.393519
74.124285  -20.255933
23.343158  -88.197265
-49.460510 -21.571593
1.578223   34.615096 
21.404336  -54.721377
-74.041001 -91.456708
-16.454161 -87.819608
-16.024273 -103.407293
37.866077  54.822199 
102.749621 -3.434240 
-96.889047 -6.839778 
93.323249  102.619550
-104.070006 -5.149956 
77.593507  21.284454 
106.356295 -72.516478
-23.538492 -100.415670
-40.846820 0.548085  
92.118286  -41.718946
45.650239  -99.346536
-109.403846 74.699486 
-65.804047 70.939682 
-81.777478 66.437463 
91.771808  44.107336 
-13.128341 14.439817 
67.808406  -83.993107
-25.787349 -30.226446
-81.107944 55.916119 
42.127516  -6.816874 
-108.675822 -109.671666
-46.392400 -104.980324
-8.687934  -31.913686
-47.893281 -81.738467
-73.277155 107.269980
-28.781234 -19.141854
88.917876  -87.146322
38.781249  -72.828854
21.850296  -44.863610
13.546818  -27.681789
-18.162180 -64.006141
37.536926  -68.041000
1.684942   -27.232548
6.405085   37.252162 
-77.359430 -17.220793
-61.877988 -6.979206 
-46.677535 6.596497  
-39.701174 67.132444 
61.749639  27.143013 
-16.502906 96.879659 
-34.474323 7.229863  
-89.932481 59.071001 
91.296678  -39.306374
-10.279436 3.874177  
11.069198  20.401084 
10.192534  -74.650315
-37.266663 47.438165 
74.022409  103.891742
0.730901   -68.625941
75.162229  47.056702 
99.345889  98.344784 
71.312074  71.378515 
-105.079588 -36.731583
13.074839  92.568547 
-105.563524 -76.422759
108.804098 96.456862 
-99.237294 -1.572028 
-91.610348 36.382164 
-96.746836 -66.403644
38.756912  94.210180 
-24.668001 -70.456739
49.946915  -94.679055
29.792430  97.861703 
81.209705  52.600500 
-63.516096 -44.865260
-25.932313 -66.888729
73.120094  108.916963
-58.038784 14.708026 
9.661560   -6.888597 
-104.021875 -46.639053
-101.865668 40.931889 
34.205197  49.929718 
85.953706  -79.339192
-2.098829  -42.996397
-5.914839  50.352611 
66.275138  -12.733775
-79.409298 21.888415 
-13.519068 -63.640937
61.824641  93.330029 
93.316733  105.234457
-5.377285  3.123265  
57.090989  -21.273537
-89.013450 105.340670
-76.813740 78.340656 
-39.198918 -3.315430 
26.864473  -25.373240
-77.574034 -108.777341
-11.989766 30.026451 
87.967114  101.107839
-88.727926 -28.184470
-33.338986 -93.407372
49.568552  30.103103 
-61.595758 29.873544 
63.366884  45.584868 
-15.581628 -103.691950
101.419045 4.902119  
-15.648511 -32.656859
-41.559438 8.151947  
-47.577611 -67.351040
84.315263  60.325727 
31.410042  29.059435 
-53.603354 71.945491 
-100.732281 87.276768 
91.881865  53.312596 
65.772513  -49.717378
94.468996  20.093867 
-32.331877 6.524491  
-25.370639 37.304016 
12.234801  71.601287 
47.376704  -16.107558
37.792258  100.931613
105.749266 63.657171 
-0.083243  12.204546 
-67.136691 -94.142589
-109.989197 4.949439  
-74.419910 -57.397238
-77.715426 -2.127834 
33.838153  -7.019106 
-3.796108  56.593661 
30.731673  17.160743 
21.171854  43.808071 
19.534260  -25.602919
94.436675  73.743905 
-79.140712 -36.594028
-61.614588 9.829019  
-50.508061 -22.094932
-72.193392 -17.654971
81.501787  -50.899351
85.907126  15.812994 
-92.238731 11.501103 
48.139937  105.140866
63.666764  27.506161 
-46.431204 65.881425 
27.165186  -45.671073
7.018201   -93.898196
37.376971  70.189690 
-19.297754 102.372021
-37.133026 76.621428 
18.211069  29.998522 
-23.967069 3.230092  
64.104547  -103.017227
56.309572  106.288293
93.598837  -87.345897
29.951447  -28.131406
-29.513824 -74.182170
94.997696  -87.392557
-10.454554 -58.657542
51.326344  -108.575028
32.092597  -104.116015
-46.018746 2.395070  
46.891829  61.929176 
-0.933699  63.535271 
-34.128018 75.655726 
-17.817164 97.282396 
-98.044697 18.135498 
-107.847051 -97.454435
-100.149905 -26.475542
54.719849  -105.305070
-15.635522 46.730684 
-5.365077  50.739867 
60.015130  13.804995 
-75.083159 -44.037384
-7.736379  -24.478187
81.673519  -48.422146
-65.121405 -87.412570
-84.600551 83.806758 
51.432512  -50.765481
-91.056090 -15.537555
18.915786  79.346110 
-103.649738 -74.726147
11.288501  -31.381009
37.578692  -53.053552
11.691913  34.785851 
-11.293023 109.558072
62.171451  -75.279339
-4.452916  35.215963 
-31.304896 -29.712625
62.621689  -49.176718
63.761644  -78.608335
-34.536344 -106.612162
-23.164752 -54.633010
-98.824966 59.869258 
7.592067   18.499921 
19.536295  7.422931  
-22.514867 -64.907995
62.643975  -97.565988
-60.151803 -107.727530
1.964137   5.970510  
77.001900  -12.065290
-103.345271 -62.990009
77.273689  -48.233488
28.674900  -26.383069
-39.170085 68.516101 
-31.253804 -94.238369
-2.214714  -49.805770
55.038367  -10.026991
-33.363133 -37.001576
71.399940  -43.598479
-104.311931 -39.681699
-96.185037 -34.602350
-69.561096 -6.336915 
59.763335  85.845255 
30.712770  -59.804985
-105.467002 -105.745589
-95.973017 34.201072 
64.927136  97.835085 
-97.639648 -63.798456
-54.193132 54.368319 
105.508347 -35.280224
45.088603  64.175492 
-88.907411 58.610398 
-20.440207 36.211227 
-6.334783  40.284579 
49.754974  54.259123 
20.118545  -102.040289
8.282957   109.467133
48.601409  9.889086  
69.605038  52.262943 
83.980493  21.165596 
99.533102  16.960382 
66.327664  -75.022909
102.167683 80.098974 
42.383655  49.348945 
21.326569  -51.693974
-88.978349 74.291988 
30.349106  32.558515 
-9.384413  -91.074366
-91.383429 -23.977771
-62.134512 -67.602149
69.257481  -43.814330
63.354015  12.219330 
-73.498220 -69.431488
-23.491000 24.607024 
11.473569  -108.844187
99.742457  -106.174621
85.313469  11.545010 
78.539939  -22.165998
-54.539331 -30.240177
-0.298199  67.011435 
-48.142741 19.575327 
-10.149635 87.739056 
101.932034 30.265854 
39.730977  -104.137021
-81.210819 -16.297680
28.098454  -98.726425
-22.815830 -108.998834
-52.662462 -91.361540
104.578754 -6.038672 
24.751588  -98.226239
-93.203748 13.441273 
-24.681853 82.295842 
-34.800065 -85.308441
34.861539  -61.744210
-78.795621 95.789555 
-103.432611 47.660357 
-25.293011 -57.732342
-106.390722 42.517547 
73.449883  -29.676645
37.064753  -16.680102
-30.141536 50.189920 
-10.727094 -47.780792
-95.960794 26.617570 
-3.672555  -78.716197
-88.666604 44.277849 
80.927265  106.542213
-87.979419 21.355217 
-41.386801 70.436381 
-65.088732 -0.115873 
-5.104109  5.287961  
4.580953   -65.655943
-48.921786 -81.426714
-17.295017 65.877240 
34.607007  95.105818 
-30.531798 104.241205
-42.055752 107.052547
-5.787607  97.018769 
92.226786  45.730367 
-1.438305  -22.948461
74.023293  28.274171 
79.096661  -106.013967
-42.520763 -62.574065
72.645549  -109.049062
-16.222458 -93.005123
-33.249579 89.917183 
-24.020885 45.256537 
-108.835612 -34.475596
5.243831   13.073149 
-58.177701 35.720113 
-50.866965 -34.854208
40.191273  -71.197155
1.777414   -67.534175
-45.005924 81.906727 
48.428981  -72.387459
94.856915  -14.286947
-76.226449 -105.987612
44.024135  -89.273628
-47.501704 -75.032616
-19.894667 43.639387 
-88.846825 6.564930  
-84.292805 80.380686 
88.963828  -45.985448
42.765034  -74.551063
51.787365  106.513738
-0.274126  -104.458344
14.365348  82.966430 
-5.423049  17.169084 
50.909916  -87.888921
-106.147314 95.913608 
-97.888385 68.007545 
-48.175033 -80.225423
-36.852037 6.910424  
-68.767314 -47.129118
-27.721335 46.186448 
-85.572142 74.782958 
-48.621362 -90.706185
98.493208  16.397571 
12.490850  -74.384884
-21.032283 -6.025888 
60.114897  -48.043079
-48.600010 -103.867909
93.293038  67.743490 
-46.978224 40.350233 
102.852622 105.443734
68.267937  40.452521 
25.180992  -82.900762
-6.477380  67.865698 
78.485163  -87.516500
30.653266  -50.085602
-66.735942 52.051452 
-40.244805 -48.417599
45.231812  93.541720 
61.112631  19.770070 
-97.892625 105.453283
94.121144  -16.509033
-67.477504 -96.032529
-38.929287 67.710618 
19.983552  37.744844 
33.219708  84.340413 
63.587754  -0.957384 
-63.980508 -45.036028
-95.159031 -18.533147
-7.212366  104.632700
-92.605051 -72.199004
-109.665440 35.076615 
-43.251368 108.424273
-40.080690 -70.200569
55.312906  -91.122994
-97.381670 -14.810262
20.164297  31.301471 
61.955619  -88.053741
98.856501  -35.423326
-60.600780 107.491339
45.835827  -88.637293
-58.134766 -24.514903
-78.155623 -51.116905
-77.200082 -57.918411
66.595580  86.133435 
-67.726389 44.608662 
-105.824281 -76.522247
-14.836447 22.556452 
52.575744  -56.313136
-20.990800 -56.620764
66.544946  -97.885032
-3.031375  -107.277187
-104.647277 29.628597 
-92.256914 53.432572 
88.873106  -5.263337 
-31.719596 -74.358092
-46.472853 -31.077283
-17.991556 18.856314 
108.301275 77.665286 
23.092167  13.236206 
61.105986  -66.323753
83.900776  -54.035477
-62.886893 40.575439 
1.752562   0.861385  
34.895667  -27.478277
11.136567  16.775638 
0.744893   -3.040567 
-39.307758 -34.136296
-56.644567 35.432317 
23.139310  76.819893 
-28.986771 -102.519442
51.776312  109.859225
-47.579914 105.961017
23.993204  10.710759 
-83.365273 65.737132 
95.181406  -0.791631 
-10.977466 38.030496 
-38.475794 -7.628725 
36.814864  78.786459 
-7.918932  -53.197433
-26.144403 43.344268 
79.705148  -35.386758
20.236346  -109.037185
-101.009569 -35.551030
-85.684427 -32.268803
22.187744  -76.777746
-60.587450 81.480284 
-68.839756 5.365215  
60.587917  84.330553 
18.664050  10.310219 
59.174086  -17.364086
-91.167781 -51.897171
-71.587728 19.948974 
60.954279  -9.664513 
-47.315282 -68.694050
8.432788   -33.216910
23.926669  65.127785 
-18.897913 62.643255 
-105.297738 -68.682792
-53.083974 -52.231833
61.999854  27.727413 
-28.282353 47.945973 
51.901875  -57.334646
-106.040246 29.205317 
82.335319  -74.096329
-37.820893 59.745292 
-94.569110 33.597262 
40.919350  -91.873784
51.724729  -55.567312
-107.766237 -31.643760
31.406322  78.419400 
73.023447  61.880021 
95.654785  -78.173033
94.806457  -52.870692
21.284310  -75.408257
21.587344  28.798015 
-101.187949 39.759256 
62.024166  -27.589325
84.567207  -77.260307
-102.788915 43.517912 
-70.859581 -76.284084
41.043742  74.123782 
31.903569  82.696816 
43.215343  66.610956 
-83.279251 17.470882 
-63.941968 -47.433682
33.744907  107.406938
-57.394705 -69.973114
-83.987285 105.660547
-69.251133 -47.002640
104.201320 -76.404144
60.502699  50.800761 
-58.418639 -42.255441
16.177799  -37.109552
-34.664660 -79.349035
49.815411  24.162516 
79.472769  63.896251 
1.362790   -55.207564
-6.576049  -8.255233 
78.109493  8.936835  
71.070343  -80.212491
-28.886627 -94.376965
-86.803879 -40.608910
76.335376  51.858036 
56.289329  11.977779 
-95.073171 3.064507  
-39.476113 -104.529139
-91.881777 12.243374 
-78.430232 47.229464 
38.536483  -69.971366
68.895753  26.471108 
-31.869917 -94.670675
-41.506796 18.473314 
64.090241  90.426486 
38.167956  88.187055 
19.861300  -101.294164
-29.472930 -6.714131 
100.039975 34.247722 
-58.929811 42.859130 
-96.532637 92.017350 
40.639537  -29.796495
26.762688  13.491868 
-106.741576 36.816917 
47.492685  -8.478054 
91.412078  25.168327 
-94.711823 -14.082371
109.614699 47.953961 
108.951648 -2.317168 
37.643206  -101.249047
24.868120  101.219175
-70.780646 43.018561 
65.791072  37.426222 
-11.094304 82.861393 
-65.354368 21.465510 
-103.061239 9.136894  
30.961525  -80.586794
52.381555  41.576041 
62.021592  96.170175 
98.737206  -60.834690
-106.947996 51.014434 
75.895327  58.172640 
2.236734   -30.711497
66.098003  -57.467587
-47.598556 60.225724 
106.853283 44.362011 
56.691438  -13.819944
-106.708481 96.841875 
61.147439  57.741743 
55.649134  51.316484 
-93.848245 86.788228 
-67.659872 -86.906804
22.550118  -48.294380
-20.369084 -78.538937
-30.216054 -97.323816
21.928707  0.109038  
-87.020611 -14.798595
-83.431411 95.788541 
-38.595091 87.102563 
-12.979219 67.642619 
106.716311 86.391770 
0.733959   13.147486 
56.368473  32.479142 
-65.125620 -12.341016
-50.472194 -50.591098
91.579295  56.934906 
10.479426  -39.140661
-99.132710 -8.817519 
34.378143  24.044713 
75.221526  -108.456457
-64.694726 59.012062 
-26.649620 85.315779 
-62.418084 -81.757863
-33.510882 100.225999
-52.046165 22.657729 
-1.106941  -79.449347
-12.253536 77.987866 
-66.743559 0.645400  
-43.730834 -60.011281
80.378553  54.356403 
-56.206796 6.186100  
36.015074  -96.825362
45.093264  10.314888 
-66.439078 80.623480 
0.882445   25.066442 
95.706061  -78.094962
78.520538  79.167652 
-84.056857 85.028880 
15.780501  64.766776 
-28.361819 70.449233 
0.922443   2.622519  
28.109905  -21.960615
36.584284  82.725764 
-48.935246 -79.675908
-17.948738 40.176585 
10.948632  -27.297163
56.127028  -84.959818
55.951267  72.834332 
-70.316698 36.397549 
-25.929925 -97.052866
31.416130  67.870810 
81.725125  109.519954
27.108130  87.231400 
22.745969  4.560456  
20.001343  1.699541  
-8.124106  -69.237202
-84.431379 -102.124144
8.754895   -34.487210
94.011406  -81.788881
-91.973884 -41.824010
101.828236 -21.390518
-105.800830 -85.274431
41.025456  66.056160 
-23.775594 -25.680149
63.616650  83.382257 
74.363655  75.949859 
-107.855010 -60.594169
-62.609533 26.656843 
1.353457   83.545575 
-80.587052 -29.478773
88.616112  106.937647
15.505424  81.328719 
99.357976  -2.757616 
109.715389 5.891630  
47.685235  21.039530 
63.246348  -47.506332
-70.204110 57.686592 
72.071610  -11.423949
-32.376556 -21.321882
-64.829882 35.783855 
91.138098  -88.961778
58.799234  25.058579 
109.775572 17.829028 
-38.528066 -38.057425
-16.342031 -7.023747 
101.404867 -7.643527 
1.578936   -54.004089
89.525124  -68.527914
-31.597781 -54.547023
59.174664  58.017211 
-24.389539 -95.510760
-88.084225 -8.239223 
70.459024  8.009952  
16.715249  -6.959709 
26.523196  31.985647 
-75.158152 106.896183
63.585730  -16.836851
49.132029  -101.480175
31.636691  -12.926581
28.894321  62.682880 
-108.658273 60.819631 
-28.970079 108.660359
-74.244688 -19.004952
98.945130  -23.655331
48.277680  -28.868447
49.609938  70.371682 
-23.589832 -28.950418
-38.469850 18.097369 
63.075309  -77.238697
-21.538259 45.876649 
39.120928  -50.116873
-71.711966 23.456338 
-76.738454 23.259718 
101.680607 19.698737 
71.719037  82.516128 
4.796960   -17.791594
-15.281175 -41.110832
84.897534  72.120243 
-51.397009 -28.715935
56.459751  98.350136 
2.239597   -4.808789 
48.178500  -13.087643
68.517966  75.631724 
-90.167307 36.781397 
32.251061  31.017172 
14.187228  96.721563 
109.103763 -60.434735
34.254487  -44.697641
-75.427249 -108.373868
-29.646134 14.776033 
78.939332  11.110808 
-79.839302 100.272286
64.145856  -52.122958
52.086857  -8.034346 
14.591693  44.024102 
-27.826608 -82.008250
-94.513043 -44.482528
14.845177  14.819024 
74.964879  36.911820 
9.580234   -96.024582
11.887453  -63.951306
107.699619 94.591369 
-8.307501  -29.318434
35.450321  -25.642241
102.299888 31.432958 
6.146896   -52.378048
59.912307  26.537605 
-101.930868 -17.761589
30.778203  -3.308521 
-11.054019 11.370343 
-42.078252 -65.077163
1.843695   -98.469065
34.478281  -67.327437
71.936039  -62.431411
-79.841505 -66.367817
-78.008190 -81.390948
87.079222  -31.908394
87.921044  -68.033783
-35.342305 59.693201 
-28.995653 96.685869 
-50.207631 -34.263513
22.814841  12.774551 
-15.828539 74.962901 
101.600416 -21.812414
-2.452284  -47.509797
-14.061241 83.291580 
-35.053956 41.016938 
-63.608055 83.395936 
81.986767  -10.739893
-50.908197 78.748933 
86.234938  -4.704556 
-26.465736 -101.007543
85.363673  -5.248601 
-107.296078 -71.012780
-88.202619 -78.156837
-94.261230 78.615405 
-50.434603 92.925795 
-83.898694 39.742818 
-76.746724 28.095822 
49.634011  -64.464011
-98.751504 -79.270605
38.464974  -74.716198
-90.149581 74.499516 
12.314453  101.695244
104.925750 99.935093 
-84.736063 -12.272039
-13.750499 -95.825080
-80.705085 -48.987857
-23.597777 0.549089  
31.948736  57.353338 
38.663426  -17.522882
-103.415627 -52.730043
43.596938  -15.944700
-47.822304 49.628753 
-2.208945  16.811125 
-17.476316 -74.848503
77.935358  -44.294584
-71.728665 -44.226971
30.527523  -40.927275
39.391637  -62.352988
-6.588572  27.210414 
-25.372373 58.863835 
58.727901  105.279063
88.303871  42.085854 
88.292760  2.764725  
77.662777  65.966958 
19.542062  95.372722 
34.375913  47.868832 
88.848450  84.027762 
86.156720  -37.156241
-82.938090 -66.720455
-104.870668 -92.378588
7.483925   47.106701 
17.575688  -41.297893
94.568031  -87.648903
-76.205629 2.707030  
31.958464  73.369313 
68.321142  -26.916507
86.029366  76.522924 
-93.373683 18.798648 
38.818519  -103.762459
99.761667  20.043328 
109.251105 -103.313801
-108.712787 -41.357416
-43.996866 94.716563 
77.889813  92.474795 
-32.449113 -66.365835
-54.614970 -103.557608
86.304811  22.746941 
-96.084441 -68.366809
102.873857 30.673446 
-3.515931  -30.301437
-101.115524 -90.164003
-72.573091 -67.937457
-53.260770 -83.082097
-103.825897 -2.577123 
99.391677  10.191741 
94.620016  62.737361 
71.577869  -83.190777
-105.662496 -1.174798 
85.743185  48.638588 
63.814884  76.253257 
20.691486  -40.514570
5.740106   -34.079566
8.562008   77.990231 
76.010283  -45.257340
-42.298723 91.812995 
94.546903  -87.616698
96.614684  51.787023 
-94.113980 96.446735 
-28.195695 -50.668031
-70.063996 63.246417 
-31.216739 65.246395 
3.105547   105.928217
-60.123289 -42.982294
-37.027343 102.015020
-5.245885  -25.612521
82.425217  -0.811370 
-82.062059 -3.608975 
-23.010252 66.281100 
0.177021   -97.607415
-46.706710 6.827265  
103.060985 73.279542 
106.092723 -39.434081
11.638550  83.345185 
-72.843307 42.363837 
9.867704   -56.082935
-11.802563 4.338035  
-7.056525  64.734465 
6.855116   -24.666109
99.107043  56.445341 
9.225785   -25.927069
0.170482   77.907010 
64.480236  89.231177 
2.210392   -15.715341
90.441633  -66.820181
-13.438146 -79.246291
-87.694962 109.649225
-71.122364 37.617526 
-41.907007 -63.452858
97.915904  106.934702
-10.335273 70.183102 
80.338097  -40.607861
-95.916856 -105.102658
0.530488   14.411219 
-47.905126 -108.428036
11.920822  93.862539 
46.595841  54.961786 
35.906903  -38.934146
37.226972  -57.656029
-79.522942 -12.581703
-54.903203 15.960187 
89.586322  -31.346743
100.475699 -79.159139
80.442911  21.466124 
-14.510533 -4.327851 
-64.385707 14.021229 
83.809576  -59.639810
41.726053  91.570975 
-66.613483 31.638423 
-1.031935  33.029863 
96.347722  79.486174 
-59.369263 -48.755059
-51.059258 -86.413156
60.472796  -43.904957
42.774176  86.576517 
-16.286831 -6.063202 
1.061589   96.612956 
-36.015978 61.076132 
-36.589452 -71.113132
90.760288  58.797940 
6.058013   36.166431 
73.871302  57.003644 
12.782961  100.428257
-90.678594 -109.765866
-62.699371 -43.104145
3.999159   -99.824531
40.521328  0.907252  
29.079098  34.559749 
80.377056  -9.197240 
-12.473697 94.618981 
75.838215  -27.684500
79.228588  -63.267801
66.875046  106.323009
-64.619799 104.521385
42.520938  -103.279053
102.150407 -22.792663
-64.830208 -72.144760
-24.868017 -97.402005
22.848374  109.560578
89.738994  -37.211270
-15.090771 -20.393254
14.445090  -99.079012
-88.798982 3.885398  
6.578578   -92.833059
-98.633059 85.302929 
13.104843  -59.135553
65.758460  -48.111840
38.560107  94.857750 
11.936512  101.686493
32.797828  34.192925 
-105.555304 107.517563
-106.923945 45.446157 
64.253095  25.225310 
29.428866  -28.551676
-73.109969 17.617322 
87.509435  87.098789 
-65.951572 -3.125336 
73.726594  52.592516 
72.879111  -79.887692
-77.125267 -103.035115
72.304476  83.319594 
5.924553   -1.621870 
-34.331036 4.193982  
-44.305988 -107.514584
97.769433  -39.707870
-3.346311  -60.467142
-39.153075 88.050037 
105.840374 -35.774919
33.054561  -69.673274
-59.676679 -60.412511
-34.353307 45.534052 
-86.119454 -23.512403
68.673445  81.439558 
70.250464  -70.541936
-28.912812 79.216812 
36.392004  5.915329  
51.460799  -77.717440
87.550504  102.162188
-39.604792 -29.235521
-86.457038 108.904365
-58.896205 12.143028 
72.823320  88.756275 
24.082220  26.138101 
73.727994  -96.168265
-107.181820 -109.001008
-104.175484 -106.791397
104.083121 -106.046213
-102.739638 -97.910000
-16.380295 32.494617 
85.233548  100.911650
-52.316494 -13.812348
14.718961  1.650718  
-30.149624 -57.901112
59.395166  -9.832981 
-101.379194 30.756918 
-53.411416 83.007330 
-46.396278 44.886886 
90.179988  108.125693
-55.597937 44.492373 
37.240805  109.262306
94.583887  26.902832 
0.498593   -19.005119
106.628408 -20.528902
-59.733570 1.694185  
-73.323689 43.602885 
-8.795752  -3.449803 
-63.803181 -86.483489
-22.079477 -100.178656
-16.875776 109.095224
-106.844466 7.951491  
63.875939  -72.415388
-29.628660 -42.090003
-60.397402 -76.305523
-39.233765 -33.874695
91.139631  -93.864399
71.977150  108.904266
-74.584762 -22.537608
-83.749118 -23.896569
51.009943  50.256230 
-91.515379 -11.294579
-44.750537 -19.003791
9.591903   -88.868782
70.500491  4.276680  
-10.312491 102.208011
0.846151   -64.692412
-103.165426 -99.238855
-35.459106 -25.640231
-0.660105  64.676633 
-39.172424 -90.569806
96.261980  83.490629 
-95.313296 -21.045716
7.175198   21.838244 
-104.533903 -22.047748
-96.390844 -100.341346
28.964656  85.021872 
106.104263 97.018967 
24.420291  -105.854476
-91.934840 -47.011172
-17.359500 93.970973 
-29.463949 -18.869491
15.340385  7.483412  
18.314598  18.863015 
-38.321171 74.570176 
106.712875 -67.436689
48.063048  100.239195
40.150975  77.402858 
47.456992  39.549244 
101.184633 54.276557 
31.320202  -102.498280
58.815562  -67.408312
73.560925  65.105736 
-78.403499 6.282951  
25.144572  -68.367278
-68.380876 -103.250063
-88.165041 39.052719 
44.569780  -19.527648
32.688053  46.966426 
-22.806510 30.278938 
-96.290989 32.462492 
56.303903  -40.452076
20.774685  -52.405277
-49.274486 -86.120440
-61.682464 -51.546670
-88.687402 -104.174772
87.535773  -42.271437
83.623688  -89.805386
82.001405  -5.680884 
-14.035872 109.294788
-67.374543 -0.122682 
-70.322284 -79.478786
25.499405  -57.726558
64.312917  -45.448387
-36.561339 76.065783 
-43.422957 -62.800935
-11.559120 109.712398
46.624471  -55.049563
-108.551629 84.402760 
-36.851132 63.791629 
-97.003384 67.867577 
-93.548535 91.000567 
-84.689102 93.690860 
13.587476  34.319378 
55.870544  30.703898 
-28.901986 67.723044 
-90.345097 106.536916
-75.896658 -23.012453
108.753254 108.720976
-4.643946  21.920908 
90.941383  31.051330 
-14.263466 24.159472 
-54.746320 44.587141 
-50.060974 54.215271 
17.308335  19.370059 
-9.806254  -94.115275
81.246679  12.184142 
-55.208648 -63.884380
56.351404  55.350866 
84.996934  -61.238290
51.009026  22.275851 
61.031085  -19.719875
69.322583  -65.345234
46.470506  18.480368 
64.299028  -24.164769
81.177644  -38.800195
-9.503825  45.682832 
67.446498  -10.108858
-22.358188 -53.706694
-35.252050 14.541191 
21.094158  43.892020 
-33.363640 84.351769 
108.505583 -10.085050
-66.087951 86.703488 
77.038128  86.175345 
-67.002196 74.231991 
69.570918  83.187844 
-71.233127 -64.907112
19.091256  54.173739 
20.497788  48.951549 
-1.367413  -45.262906
-9.249836  80.658842 
9.238310   -81.109904
-0.867441  101.166473
-74.522358 0.240778  
-95.709623 -63.179145
-89.332378 27.437941 
-11.547916 -95.944614
-95.736811 109.695436
45.209495  -97.208036
-11.261139 0.228387  
47.873910  34.537001 
-29.384664 -31.742342
-91.817059 15.013640 
-26.328730 29.182668 
105.345036 -46.494898
-38.203486 49.567437 
-57.707058 -13.826982
22.139266  65.042571 
43.047752  44.849717 
19.527485  -73.381974
-21.178822 -15.399311
-102.165828 89.051364 
-36.090078 4.349198  
61.181089  30.965329 
-5.236510  -46.916305
75.464537  41.714824 
-37.504218 16.460265 
44.738019  23.342107 
44.816282  18.428414 
40.656906  -3.400268 
10.388373  -50.869092
68.075042  -40.125967
47.430240  104.430100
8.370915   -90.980055
-6.957614  -77.087273
40.397060  -94.529711
40.136849  -40.631297
-2.390622  11.556860 
34.570907  3.896041  
99.608714  -63.414551
11.263178  89.424051 
-19.797342 -41.474782
66.659081  -64.216857
-28.869343 -8.797906 
105.504174 -9.227993 
17.740640  -40.305133
-67.693080 -26.429956
68.276344  -10.891688
-25.761226 54.260412 
39.217786  69.431868 
101.122435 10.360661 
66.626804  -90.296323
11.782214  -27.818024
48.473119  92.465037 
-15.373618 12.646330 
90.109014  94.315077 
-5.382735  -65.561520
97.042210  -95.815564
-105.369179 10.030149 
-39.836245 -87.586686
38.682433  -22.980420
51.030255  108.489385
109.338264 79.177280 
-31.794684 -80.921937
-4.853329  45.109110 
55.551543  57.605744 
11.248038  -90.424677
97.453830  86.541525 
-40.165884 43.163162 
-90.437313 -90.113630
-18.436146 -103.417591
-37.594622 8.129910  
-16.603833 -28.982962
-79.398920 9.721786  
-102.019192 21.424419 
-82.103492 -61.868319
76.961169  14.489471 
-60.581759 27.904797 
14.842624  -44.272627
14.279130  -102.297404
86.328500  43.220227 
104.729931 -83.064969
72.934575  100.010456
-97.156937 -92.612219
26.918936  46.812904 
-19.449806 94.407700 
-15.813130 47.773029 
-12.763738 73.580656 
-69.278760 -97.953841
68.826188  90.712243 
5.307673   51.534245 
-7.233475  64.545534 
-94.539944 -28.258904
95.688787  -17.962644
4.162582   -106.627148
-75.454176 47.692903 
5.241316   30.577204 
3.403038   -20.921961
-94.355575 78.128183 
16.101334  51.815142 
52.722839  -81.764792
43.057683  -104.235745
27.242744  28.012793 
-24.081071 -87.672605
75.602137  61.429909 
-37.096784 26.640537 
104.355761 -0.385177 
-62.266955 -1.669515 
-64.534554 -65.908616
17.466811  -7.699050 
-12.344517 48.912545 
62.919391  106.475372
36.023237  -59.967490
108.701321 86.567747 
-94.644960 -25.542617
-8.435309  -23.873353
55.280029  -101.716317
-81.614174 -6.724426 
95.239835  -59.541666
25.481681  82.623392 
95.252675  -70.295335
106.377150 60.973262 
-24.246454 -23.613534
-70.217414 96.052066 
50.349785  52.169403 
64.279343  85.616447 
56.368056  -10.348190
22.955234  33.708088 
-60.421141 -88.933946
-10.346632 9.723268  
-70.405521 -10.205050
102.427010 -45.363525
79.177948  -69.386820
49.399832  -58.397358
91.803717  19.975766 
-109.727879 -66.035180
61.709044  -93.234236
-94.160790 -97.898694
-70.800826 -98.245581
-99.650818 -4.807339 
-66.573104 -50.182121
72.313535  -2.543025 
-102.880270 -34.498290
7.202474   -1.084050 
-108.555439 62.763395 
63.705798  100.761097
90.623369  -94.946025
-85.189421 -96.188284
-80.223051 -61.006018
-20.562742 49.442904 
20.461742  -15.331120
41.341195  -97.463650
82.961663  80.022929 
-59.867262 3.133072  
-47.171213 -57.609422
26.932562  85.880221 
-70.125503 -9.057013 
89.443877  -39.575208
-54.702664 -69.854379
22.325618  -67.087960
66.284603  -63.279206
-66.215541 -75.535416
9.747609   14.967868 
97.781694  -96.566485
75.538166  -92.941339
-101.725346 39.302332 
-41.920024 78.087143 
-65.931777 -53.476320
65.801441  95.980195 
-37.558612 -44.350571
-5.933894  67.986154 
-19.883620 89.025995 
-34.594780 -90.797705
71.852022  -32.661366
102.358885 -59.052283
-17.772109 -10.000541
-80.545480 68.107420 
54.834493  4.295092  
-76.320852 97.371340 
-90.118918 -22.904567
-53.488068 -50.628118
-43.656426 -12.379664
57.253049  -35.145352
14.064389  -87.189540
-92.331287 25.461069 
-10.072379 19.176682 
-0.633258  -66.148311
-31.014537 50.520720 
30.549532  -41.655189
5.375977   -106.981779
-53.123551 57.398051 
-101.761899 10.192693 
-36.702479 78.668452 
47.338548  -102.779083
50.921936  -70.562860
-28.555533 -71.062424
-102.528116 -62.720841
-84.024370 59.041016 
-95.942409 -63.841384
-33.285261 4.882050  
-83.329487 103.006580
0.951677   33.387201 
72.896109  -55.321386
-67.624677 -40.230468
12.150052  34.041629 
-10.730648 -16.138755
-75.707890 -44.934817
-41.925754 36.597574 
-11.394606 -2.386868 
18.672233  -108.954164
-40.955188 -43.302285
104.200444 -99.075638
-23.412393 -109.633045
-67.665937 -90.135885
82.879424  -36.868661
-103.971004 -64.162137
-64.727445 -48.837734
5.380314   31.630300 
-66.574756 -23.590564
-60.851532 -106.746600
79.965399  29.333096 
27.635820  -94.657444
39.707930  -108.203762
58.842344  -39.122643
62.159944  -88.593193
65.499199  49.487974 
-11.812990 22.972109 
-20.274740 -37.959859
-37.721851 75.810321 
20.785424  44.318438 
-32.061257 -76.781708
-37.976474 11.640331 
-48.812783 -95.231784
-70.262381 -9.400863 
71.890471  96.837008 
-89.499422 -13.341934
-46.208832 16.435341 
-31.190813 -23.130089
-49.321681 -103.582786
-86.448440 -1.851822 
-62.797515 51.700643 
88.291370  6.739601  
11.453073  -109.064430
102.930161 27.676563 
-83.383495 41.803997 
80.826040  35.362836 
103.400330 -72.485904
91.338273  106.563343
-20.100346 -39.806846
105.162474 -72.772589
67.077687  32.226792 
-61.508869 -109.558137
-25.178062 -87.890928
106.722792 -94.566561
-46.685479 -48.530364
-14.896712 -91.534240
16.024493  -77.729707
26.764123  -24.936317
-4.321892  62.942379 
-102.341471 29.958256 
-23.582917 -33.808620
-59.783446 -9.392921 
29.476122  20.552329 
-64.650042 11.164839 
13.181694  -28.728645
69.243977  81.440582 
77.541953  -7.832811 
-37.407301 63.665766 
10.256110  -44.753576
-11.638097 2.083697  
16.235219  -73.793065
19.001954  52.628780 
30.447640  24.665032 
62.746365  47.788428 
-22.532455 -94.354204
-37.752513 81.650249 
39.739336  4.597532  
-44.006681 -21.503217
34.681383  -0.053827 
109.246330 107.610125
-31.910200 58.415188 
31.816804  -35.046450
-17.849074 58.156258 
-32.820754 -0.453460 
22.691143  -13.498727
-76.935083 52.932749 
71.906549  49.978734 
-76.169279 40.310070 
-56.607028 -26.616069
-3.871828  -32.263771
0.500292   41.693024 
-2.106355  108.785013
-44.239964 -93.182760
-30.013685 66.975724 
41.633061  -14.829340
97.003723  -24.322950
102.620488 -67.479800
68.519902  30.347568 
-60.397715 -34.384398
33.651693  105.510593
64.971062  -94.057872
65.845796  -59.286173
-63.806007 67.706301 
28.264908  -65.729744
-80.138522 -34.002772
4.571953   -90.496124
95.197643  51.071619 
-100.901128 -103.508762
106.601788 67.999756 
-104.563556 4.874138  
79.854044  3.754911  
91.323101  5.031063  
-48.244987 70.236597 
99.337658  -74.082528
-99.652445 -83.206972
36.456254  16.375094 
-4.084640  -18.064338
-28.333965 -3.668232 
67.474545  -97.438205
-42.099460 26.536982 
2.764506   -91.886965
5.264291   -44.456059
-46.284861 -18.257883
-49.246281 -66.706471
-94.118500 -52.311784
45.846103  86.738143 
-38.178546 -50.185867
20.771136  40.510513 
107.268168 100.615646
-10.436887 88.791038 
47.899449  -12.388650
-31.825309 35.912388 
-48.149775 55.792249 
-1.765966  -28.862634
-84.102291 56.717853 
-61.921860 -49.829152
92.849366  27.868162 
-88.877074 -81.315321
-31.516152 -98.234099
-59.375810 37.434237 
101.018760 106.997746
-87.338250 94.197092 
34.649556  -84.332859
97.902235  37.127853 
-65.871188 99.030156 
8.022193   -85.401617
57.260425  58.938910 
13.499892  -86.395677
87.001934  70.612233 
-77.362718 -88.353097
77.622195  -9.291645 
-89.571017 64.006847 
-109.173022 -20.407703
-45.916283 50.160497 
78.795985  95.542570 
-19.810486 -97.101035
20.643579  94.702133 
-90.972372 -63.673615
76.733419  2.933119  
-58.718133 86.158105 
10.785496  -20.891634
-84.529530 40.705999 
90.485010  -90.370125
86.601768  -43.196931
-98.719991 -27.524656
60.845625  52.962228 
104.436942 21.434916 
107.682828 21.494430 
-88.768667 57.408965 
-92.659851 101.310507
58.726029  -14.562080
8.506249   2.299726  
8.024575   -66.104468
-57.711085 107.812806
-44.630077 -77.916057
-97.615570 -105.501510
-51.705651 38.920283 
53.131938  1.524783  
-105.480106 42.594335 
88.625975  65.749796 
-87.073421 53.979594 
-75.038429 -75.138876
109.759009 19.649421 
45.655852  103.691280
81.695271  -81.396165
-31.326313 -46.299976
-51.223744 -36.755780
-0.416508  -63.157922
-51.739260 -50.219389
-11.937467 90.929671 
-13.792992 19.255176 
78.548626  44.262144 
90.821911  -16.542609
-13.814964 16.705831 
16.385765  -36.387248
32.463537  -95.960318
108.704339 -25.385212
58.551449  -73.494273
72.530344  -107.123359
89.608142  -64.651033
-86.193874 -33.403814
-14.519091 41.351842 
9.173926   -19.029345
-17.808411 -57.920772
81.230515  -100.280622
-78.521060 -42.346916
70.544073  -76.042998
96.511224  72.070382 
-45.621736 -72.883749
-39.057531 68.008295 
32.671124  -5.925324 
109.805571 46.131892 
7.245675   -55.688781
-75.816422 -47.965254
-83.471803 -108.069376
56.677492  -91.013844
-36.700533 52.712882 
-57.711132 39.915884 
26.648908  53.525767 
72.684470  101.428897
30.705761  -11.064216
30.808902  88.182570 
-40.752059 44.800137 
-68.475081 -96.401804
-59.111106 -61.362792
-71.843187 99.213140 
-52.115583 -89.359482
-23.354030 106.491327
50.995168  -103.606807
-69.794901 -39.021618
-5.756125  -50.019445
-85.657763 77.228507 
-10.270501 94.858825 
108.227378 15.348585 
-62.814065 -30.444166
-100.406047 35.899295 
95.941374  69.940070 
-53.998754 36.210014 
10.503781  -38.425693
-24.005912 106.042093
-17.588564 -63.330559
-25.659634 10.995306 
46.538979  24.041028 
-61.206709 -90.220234
66.718550  -105.844932
-103.043742 41.242375 
68.619830  -14.766398
90.809627  -0.970829 
19.443904  4.964570  
