256
-16.973042 53.663121 
39.937918  59.235833 
-10.151308 44.665728 
-63.672587 -58.808577
34.332544  -60.205585
20.309079  -42.895054
-9.520285  51.390891 
-36.863291 7.608686  
-61.188886 -50.139016
-15.689688 -25.682629
-2.128651  -38.815038
-22.804771 -15.688643
8.913089   18.974038 
13.096674  2.489323  
-41.497899 18.723470 
51.471764  -52.201936
-79.164491 4.277733  
-24.849129 -23.415867
-73.129913 32.159750 
-39.514367 8.433023  
-42.003320 -11.309806
-31.780491 -77.122252
-56.925001 41.981063 
62.557489  51.806544 
-38.972185 -79.898827
42.279898  22.018144 
42.618707  -49.208945
-77.537108 -43.236513
30.124692  -33.107598
32.671069  -31.997183
-15.737559 -4.000814 
-12.028017 -14.343896
-37.485340 -53.488397
-19.995467 65.723073 
-21.778373 17.007967 
31.354238  48.062085 
46.468016  0.183302  
-34.490783 -47.319074
-42.924796 -66.337052
62.316378  -55.971462
-77.034088 -37.369967
-15.529220 -65.225440
-48.645153 71.475369 
-10.687709 -6.241936 
-53.270877 23.437167 
-41.794217 0.986503  
6.447227   19.606584 
-27.638399 -22.942069
40.233196  -44.504376
-5.923395  25.821067 
-66.469073 -55.604492
-34.941740 65.293202 
8.803795   -50.601107
-53.503128 -16.753548
-19.935358 73.917067 
-15.998451 -6.039188 
-38.741125 30.603475 
58.682542  58.055953 
-42.323598 -7.823885 
-34.580834 -22.738631
70.899535  31.536726 
-68.412714 6.282211  
-18.666453 -77.030003
-15.376281 30.672531 
24.025612  -59.484751
52.577935  -25.457239
54.360555  -42.927324
-66.637842 -0.782897 
71.287162  13.163723 
11.120722  -55.685315
-53.886480 -31.043669
-33.143516 -67.382136
1.007122   63.090969 
71.631496  -70.063668
3.882681   -10.348565
-13.201556 -16.849684
63.861340  42.802599 
-26.888576 -64.460624
-42.328146 21.295958 
28.051181  -4.157607 
-33.262889 -18.710923
-1.908173  -75.322930
49.080204  -48.727010
49.735355  56.264064 
5.328263   -15.777215
77.351172  50.192449 
39.982450  -43.544702
70.570318  25.809121 
16.283805  62.992478 
32.703021  -8.027748 
-55.726347 -57.238305
-35.670556 -56.997228
58.228848  -9.655306 
76.839759  29.427655 
9.245434   48.475748 
29.788709  -67.298863
-3.513790  -10.463850
-55.847582 56.574296 
-15.646644 -52.307643
-39.768922 -23.713399
36.658939  69.639527 
-5.565073  23.764400 
59.626469  62.503298 
-77.775334 52.144174 
-3.889676  64.999290 
-8.518832  -49.999709
19.504072  28.678759 
72.468572  40.565176 
20.346959  76.273187 
5.382571   33.997319 
-21.575987 74.917136 
57.733810  56.774601 
-18.774419 44.330688 
77.263626  -13.957225
-51.815746 -32.047781
78.492681  69.685011 
67.125948  -72.016236
30.093219  -51.677241
-16.681290 63.647256 
44.530408  23.581951 
70.051553  -3.784597 
49.807431  -67.323076
62.999102  1.612039  
-73.182793 28.782579 
42.511435  -50.198567
78.378106  58.821433 
74.489961  78.020234 
24.870988  -20.311533
-24.564189 -8.478162 
72.057038  -36.685404
-14.356533 -34.618377
42.082131  -67.347207
-32.054108 75.663145 
-17.652428 -53.165630
-67.366974 5.769966  
64.001202  78.950187 
45.083112  3.690081  
48.731339  47.974236 
-39.998336 46.225785 
10.902537  77.487661 
-54.352717 -35.052286
63.460370  6.990383  
29.583596  71.039642 
-21.451787 2.631234  
36.616402  43.084776 
-15.470007 -8.676027 
-38.346283 -3.445624 
6.738644   -60.289257
46.438678  65.554759 
-2.154724  78.546815 
62.143154  -79.963933
8.020225   71.569150 
9.430087   -58.476790
39.408778  -13.060729
12.719885  53.672780 
53.386468  47.587973 
28.539867  -6.189558 
40.319280  49.490567 
-16.026772 43.065021 
-45.356342 -31.658487
-67.937070 25.832352 
-43.034578 46.170703 
16.367303  9.665645  
-49.589940 58.057980 
-47.100466 -51.022979
-21.758821 78.098235 
61.130181  61.919475 
66.516836  -23.031717
-13.434740 -28.724756
-55.139211 32.881775 
-70.970648 63.363109 
19.666884  -70.233314
10.270004  -74.307443
-29.442344 -61.603629
-66.221153 -56.873708
41.219293  51.326762 
57.975348  71.522321 
47.341154  -5.429596 
-32.287740 54.869141 
31.808383  77.160802 
8.103108   -18.094847
-32.024483 13.572222 
-76.359858 49.533382 
49.518654  -54.677478
-62.143099 54.739728 
65.333640  -67.794552
-14.779818 53.125716 
-13.779888 -50.943620
21.674698  -37.077776
-44.758078 60.899226 
-74.860251 -57.478910
62.378089  -1.662603 
-4.783115  11.444784 
-52.338114 -64.218787
-10.256245 3.051553  
-13.886349 -69.406179
11.469210  -49.270477
22.139497  -58.484702
-23.598677 4.061552  
-24.040413 -18.665751
71.525312  -53.982415
20.729489  0.689980  
36.271684  15.430403 
14.073913  -61.250085
-54.444759 7.548322  
45.410705  -30.085991
-63.707770 -29.166699
-12.360625 1.799333  
-57.062857 24.390396 
17.216270  57.464341 
65.343041  -68.188566
-13.664063 44.396235 
-43.385501 70.433633 
-36.906797 -3.077424 
-71.149328 39.335604 
-77.858737 -71.895671
-77.194332 -73.003094
-35.672171 -23.022890
65.472332  -43.756749
-78.593541 17.359568 
6.670707   22.140435 
-79.300634 4.906138  
-75.197914 -48.713128
63.534355  64.090599 
34.918370  -72.803430
-52.659693 -8.677058 
69.596111  46.989562 
-24.348357 13.827472 
73.619916  13.677033 
-30.848771 22.809947 
36.350657  -62.430880
-27.199153 15.605021 
73.683466  -61.339479
-67.063020 -21.427392
-28.727969 -49.969785
-38.371713 71.875270 
-0.570298  38.210060 
-26.550315 17.480599 
-29.606506 -76.973276
-58.207809 -54.709074
76.269554  -41.918592
71.249530  30.338848 
34.180829  4.957816  
76.078003  -69.867157
72.422389  -68.447145
-6.491588  65.515873 
-37.918042 1.331478  
32.244746  -36.527756
66.703450  -58.246228
-66.153665 -77.055994
25.775003  43.655758 
60.936653  -30.149776
-54.076253 -43.826416
29.191726  40.806872 
-5.540612  -63.660634
-71.459058 -37.379409
