4096
7.306683   -102.187464
48.275415  105.772044
-90.971483 -47.766597
93.373166  43.122005 
-103.361290 -18.832035
119.058027 16.417055 
95.822210  105.659999
47.920952  -15.643730
79.125853  85.948951 
22.222802  109.073390
64.564887  -41.004425
116.878329 -6.770739 
7.995847   91.926677 
117.882039 -12.574575
-106.053815 -83.910737
-92.970560 -32.726934
-13.106494 42.555798 
-29.285851 -39.110135
-16.382338 -25.193412
-83.353745 -11.600701
20.188299  -51.300886
108.994886 -96.800027
67.082990  -51.872664
113.664122 -88.137032
-21.945348 104.512406
114.607014 -102.673822
-2.525497  32.834077 
-13.929947 28.078910 
46.830449  43.959331 
100.030176 -86.067308
-48.435779 -61.871497
49.276288  111.536308
-93.706155 16.593109 
33.380794  -36.019127
111.903384 -80.441670
32.655370  -60.776541
-42.805019 91.367821 
-11.629238 -44.246429
-10.593884 -35.081309
104.301341 37.385386 
-37.404697 -33.387113
94.818463  -35.883413
-47.602519 42.019643 
38.775733  96.305560 
-94.305466 -116.049471
-63.938506 -37.662007
26.160651  -85.613760
72.790265  -109.297558
-92.134574 -110.170905
-101.627734 101.567763
31.821473  107.954487
-96.947520 -42.370096
-84.006625 -57.088369
79.022561  100.671900
-76.922755 -25.052469
-111.902325 -21.949598
9.001222   94.495096 
99.516662  112.719979
94.079418  -97.222406
-61.314293 88.192481 
-101.865130 -78.689335
-82.082872 26.096957 
-27.256365 49.460526 
57.121577  -53.712511
69.517932  91.827681 
40.656276  113.513926
-110.544789 -86.896254
6.794157   -72.549372
-4.031604  -86.269996
-0.285260  51.892418 
-84.015006 -119.647525
-56.319265 -98.417962
114.032026 99.551737 
-52.727531 -88.670130
-108.050033 -79.666916
119.498800 -98.381616
-21.652198 -42.226382
-117.466243 73.751017 
31.620845  -92.547124
-35.634082 -11.416613
118.623572 30.010407 
-92.428144 10.980129 
38.595438  -35.885768
-61.628278 -111.860104
12.407527  7.914444  
-117.788966 51.563940 
-4.316000  58.769751 
91.723662  -101.778814
-100.907962 -81.061261
41.572222  24.557054 
24.828198  -55.922512
-45.784182 -29.287301
33.498946  -84.012213
-33.618810 -12.253652
7.099376   68.006014 
-17.503690 19.212157 
46.890165  -107.367448
-19.879828 105.665015
-2.635315  -47.344554
-43.467531 102.333034
4.525011   -2.908944 
-31.253599 116.347354
-69.637389 -5.396532 
66.228119  101.479238
112.686112 -119.443467
-21.743491 103.858625
-46.004334 65.581800 
4.578706   10.428448 
-13.514326 3.588760  
-72.501099 -50.525714
-32.326931 1.125341  
33.801271  -107.638135
103.666376 -86.019503
-32.225486 -87.623598
-29.039739 -6.797599 
18.753457  85.438983 
-4.495899  83.666759 
80.102822  -21.441044
63.592398  8.326730  
30.839543  -104.892343
-41.936181 63.272967 
37.135294  -1.343017 
-28.558427 -50.559665
94.318949  33.703932 
-83.058265 -12.583929
-9.744895  -0.431753 
112.911659 -96.815595
-24.840433 15.429937 
93.193829  72.625898 
9.260971   -23.377498
4.359952   -48.124327
-100.480803 27.974876 
-35.723725 -77.675041
-88.153759 -65.243162
-100.574887 0.087693  
-77.681193 51.251571 
-9.777748  5.124951  
19.642505  70.200114 
109.098454 -6.331870 
101.134484 57.651964 
90.141053  -61.045511
51.296316  -5.666669 
-77.364222 -70.450868
-28.091176 11.983490 
-71.703844 -24.933209
72.973931  77.369490 
-107.923339 48.522785 
62.164207  39.899158 
-37.094824 107.267362
-73.785674 1.928165  
20.643264  -100.057778
-54.837482 -85.176562
73.318263  -113.315717
76.830474  60.177344 
14.839802  100.141639
87.362112  13.350475 
69.754907  26.544292 
-86.920885 -23.225527
-18.301877 71.460266 
-88.125358 -71.107271
-43.320943 -79.676249
-64.194906 -53.285077
-21.687372 -33.550762
86.152315  11.491940 
13.570290  -24.815073
81.663264  -34.269109
-44.291024 71.991215 
-97.063825 100.701005
-7.172888  14.622926 
69.189024  18.501621 
33.316995  99.291346 
-55.617093 -76.097269
-98.820836 17.640820 
-58.286505 34.032239 
-84.774010 -10.485047
-66.518618 23.052393 
31.069170  -85.772172
-69.590385 -53.399571
16.097963  -101.202632
21.784720  106.856711
-94.461599 104.541744
-7.887713  53.115392 
-96.192026 -115.780734
-70.147724 103.960785
70.131570  -106.460313
-87.799404 -53.155438
-18.764321 2.564170  
66.248506  -31.771406
-54.840938 20.506459 
-118.595200 -5.644869 
16.484577  -59.861281
113.561522 9.264873  
-14.290955 -29.596569
12.132330  -21.149649
-53.120885 -76.188724
-80.467389 -19.384239
-94.645122 -60.859479
109.178253 23.829493 
-22.939378 95.724024 
-31.875936 -61.546339
99.206077  66.734530 
-20.752857 38.500047 
-50.663801 83.182159 
97.607884  104.545960
-58.156363 29.605094 
55.905490  -106.829471
97.610425  -102.880609
63.934198  -83.541968
-16.824792 26.676462 
-85.994289 -4.232858 
-47.679044 -65.450725
75.775894  -74.127462
110.862668 36.067964 
83.053338  -2.240659 
17.785846  -13.680337
-102.323798 93.906047 
90.654354  53.889501 
5.160431   -31.345957
115.721957 30.946495 
-36.043897 -8.747315 
-39.308956 -27.497561
-52.853667 10.084040 
103.655434 107.463749
-22.041104 28.627375 
-106.557523 -112.248558
-9.345019  -75.975630
-48.884526 -92.535391
117.899626 117.863192
0.911623   81.765562 
-64.641375 -5.713705 
-113.854611 65.449335 
-64.556602 -107.875160
81.267493  59.174375 
-50.721874 -55.885868
-87.260935 -77.144153
104.883478 99.369142 
-89.885633 -71.932075
54.126258  -109.015607
-6.732636  -77.337155
70.829358  50.213120 
-5.546821  68.203669 
17.861868  -26.090087
-12.555584 27.431210 
88.205034  93.087082 
104.520622 -21.197788
79.778171  97.342708 
50.225642  54.770416 
-10.522360 78.623842 
-69.112485 93.296701 
-107.519765 21.552552 
87.160908  9.066128  
113.830841 13.845164 
-23.043410 -44.788792
99.515303  -7.825584 
105.335543 -98.876751
-25.664795 -66.913964
-97.456030 13.746998 
-34.024168 6.677006  
-58.606159 -75.775598
-110.891435 42.591024 
-42.374774 -4.939522 
84.778853  12.633315 
44.467566  9.708058  
-32.280101 -4.080841 
-13.316981 43.614483 
-12.206492 90.218951 
75.308615  -3.615764 
-36.624346 94.308184 
32.002876  80.269455 
37.763592  -62.306804
-51.209901 -1.768046 
-37.177130 90.942540 
-35.254338 46.392696 
-11.562466 112.185254
-20.162062 -92.120179
-65.165267 -93.906385
-89.764939 -112.657230
-43.738183 -25.490401
-74.172043 58.050665 
-27.014681 -72.748706
66.861508  -31.510982
-76.947922 89.705196 
-58.586824 -71.863538
-61.050447 82.471646 
-72.415000 -96.736644
38.516158  102.531277
7.738620   -47.291768
41.233977  6.383086  
48.962790  -51.640376
108.748333 -107.091898
59.458298  -97.904958
-12.380389 96.541185 
94.452287  119.966490
-65.378543 96.057242 
71.102174  32.560422 
-27.048824 -65.017385
-107.329188 102.990768
-31.261457 119.997568
12.087834  -0.595475 
-63.172485 -60.873062
-39.027601 10.869607 
-39.529737 -100.491251
-59.824801 90.935557 
3.618091   -26.384839
-73.792474 33.538648 
97.988704  -51.189514
83.573849  83.085214 
-85.851980 -58.996332
-33.363214 -77.242976
7.167009   -15.246359
-6.294837  -4.487397 
56.222101  108.331061
6.514306   -103.552006
46.457419  -110.481750
49.195831  -2.298801 
18.064338  51.506823 
-116.690323 66.849776 
-76.505293 114.256366
53.227023  -77.114269
-75.272881 82.548175 
-23.913270 -10.895566
4.751622   83.703820 
-35.601538 -22.428951
-101.378327 103.180634
-60.379911 29.798677 
-92.606903 1.604843  
43.439349  63.854435 
83.244027  -36.289536
-1.677857  18.503392 
79.352747  111.005578
47.801902  62.272849 
-60.967277 -86.627732
-14.630871 -116.835340
104.521304 3.244726  
-90.570917 62.103097 
13.449670  -3.453776 
52.956186  -19.994234
-45.342424 -104.847378
-46.574290 -9.678655 
5.607193   -60.317711
-71.846612 -81.409070
-88.662932 -101.655123
25.796091  114.003546
18.889627  0.078038  
-18.156410 83.384718 
-53.873082 91.758816 
-17.978533 75.209401 
83.984245  97.880917 
-105.236277 7.579168  
107.087349 -112.426792
-65.457456 39.097259 
-102.617798 45.158715 
9.815765   -26.623792
79.899296  24.249470 
83.618973  55.257890 
-49.563604 -42.382312
0.295467   -77.071608
74.285083  -35.656351
48.927646  56.193614 
103.753237 17.193064 
-103.338501 24.592111 
37.411397  -12.294363
11.515275  -53.728996
-50.613043 -2.126988 
48.157339  -69.765987
63.012982  -3.940905 
-48.464641 110.349476
-47.014562 59.145370 
76.569997  -77.081900
90.433112  81.468381 
98.493626  -65.490620
-15.148474 -75.494761
-67.635165 -30.386167
63.119223  -101.522143
96.164683  -2.033816 
92.609863  -49.633181
27.354025  91.698390 
20.051361  98.674435 
-92.187863 -75.404558
-51.202025 -46.786068
29.099479  -2.198360 
-66.636001 -25.206676
-69.703918 -66.891537
89.804370  -91.321526
-110.210438 -76.453188
28.704499  -79.204163
-99.303011 7.492421  
57.601760  -23.776640
-21.067161 98.900166 
-87.194386 -59.255936
-40.251838 -19.367266
-27.811354 -8.297555 
-92.025649 119.405570
21.386602  -111.140338
25.829396  5.485224  
-2.837711  -61.706871
16.980843  76.296210 
24.463467  57.356403 
63.662364  -1.229324 
2.983677   -111.341600
39.757043  -26.609088
87.559702  -76.048505
-55.365952 -93.998064
113.476498 -74.834164
-35.019353 -0.271576 
-13.674127 56.433257 
-33.039444 -94.221037
-39.282077 88.070721 
-30.724948 -13.756752
-44.125555 -83.942731
-20.396939 17.429734 
-99.333464 22.840098 
-104.676495 17.225655 
26.488717  33.791159 
103.832783 -2.962836 
12.866864  -100.525628
58.171724  -66.519810
-112.923275 -4.542646 
57.391198  -111.791670
93.941113  -65.621565
66.889285  -116.634600
-51.446410 -58.330097
105.582603 -102.113591
-77.507094 27.495888 
-46.881271 53.369149 
80.420236  -56.331609
-23.525814 -53.095261
33.688004  111.569944
36.335944  21.322217 
22.597818  65.347321 
17.543331  24.096880 
38.902294  109.522429
84.430940  -54.205744
84.736434  -6.209840 
-81.410247 73.386997 
-35.065456 -100.407468
-29.528052 76.185213 
-58.166194 39.106207 
-48.719761 -45.729464
12.641486  1.042675  
-95.379493 -42.343382
72.478418  28.928256 
34.215726  17.457474 
67.023307  -87.369251
10.953604  109.717372
85.181535  -119.660821
-82.463968 22.247536 
-15.284055 72.012757 
-85.943277 -56.333773
-42.645793 32.977451 
-113.632933 86.119053 
-30.178667 42.251020 
17.763568  53.102406 
84.867275  -114.429758
-11.607782 91.523098 
-43.605003 -27.944933
-48.039436 98.888352 
70.583834  -82.330473
-114.806944 118.970272
104.190319 106.925643
-110.753054 5.371257  
-54.773344 38.849556 
35.553185  -51.302875
-91.625532 -7.305367 
-61.752183 69.735525 
-91.953373 70.027975 
7.473571   -46.164890
-66.340919 -113.405735
-107.304215 -92.437864
104.994759 -29.938350
56.174236  -106.701839
3.582640   96.242084 
102.126275 33.892008 
89.167995  17.550488 
49.143681  -113.253882
19.751853  96.251321 
-14.459186 49.912314 
-106.618966 4.547134  
-52.093739 -33.439173
116.233255 -18.678297
31.104654  -8.929158 
17.443041  -23.598284
95.342411  50.824157 
8.221586   105.403082
-108.432248 -55.555792
76.129105  -19.911494
-92.716144 51.001741 
79.448102  -93.171526
-4.640867  -68.727381
-11.157273 -87.249984
-1.737521  -91.651022
73.287582  20.455342 
70.593510  -39.252110
-97.877482 -49.384341
-45.212553 29.952620 
-26.003811 -39.686699
13.897652  -36.380193
17.823592  41.985401 
-9.140229  97.927059 
16.339964  23.443790 
-26.120336 30.138598 
29.538548  -87.835649
-46.158778 80.183650 
-64.758022 31.241414 
3.407679   112.811250
86.845380  -116.721688
-113.664913 65.292432 
19.163512  99.269082 
-74.701930 57.841332 
62.498850  42.690910 
70.610836  -78.376460
-60.770485 -37.343918
-112.592891 -98.467930
-23.534351 65.164278 
27.590210  -64.423514
27.532697  117.691432
59.927157  -32.744761
-110.875336 -53.477602
-111.511052 -53.071288
99.645894  9.234522  
79.884192  -39.434806
73.236697  45.625749 
-20.195649 -35.865162
-48.709006 68.032239 
15.155197  2.488392  
44.214488  57.339287 
-106.035120 39.587596 
-13.426692 48.986307 
2.608512   -112.459776
-85.647152 84.636555 
-45.000400 -50.234725
-55.555367 -84.416759
61.384342  -75.783204
-6.363213  103.122932
66.515692  -74.567275
-49.244491 35.216668 
-42.252262 -22.828142
-0.584597  57.953918 
6.362970   14.810132 
-107.969967 103.231317
-48.186534 80.975996 
100.250664 85.058823 
58.446344  -117.851920
84.743581  -21.996933
-89.142388 -21.725827
-14.235992 35.161865 
-98.714404 -45.009097
36.724292  7.502215  
-24.680563 60.533883 
-67.336451 89.295570 
-12.876598 48.343876 
2.486244   39.269527 
-38.952449 32.199971 
-82.849193 -65.037485
-77.961632 18.752953 
49.092794  -33.613302
-42.528109 116.917253
28.925741  91.416929 
32.326567  102.651488
-22.565335 26.136333 
-118.686131 96.094928 
-14.830696 -79.837655
-85.145861 81.761952 
100.790622 48.691963 
61.002475  -104.686609
29.892583  -3.548403 
-116.712333 95.478111 
65.686568  34.076721 
-113.866332 62.852983 
-1.467811  83.163352 
-56.374641 -72.248772
60.509263  46.833784 
113.760116 -61.081817
75.893040  -94.387766
-86.831734 47.345631 
-88.278924 38.910615 
93.906528  3.607466  
-89.856599 -95.623907
45.853231  -78.276652
95.635325  103.356722
5.528400   -2.488967 
-101.698887 -71.282720
86.233811  -99.818504
-4.213169  43.748906 
-27.590215 -44.985837
-51.244254 -94.831303
38.550671  -88.431580
107.381075 21.522203 
49.617213  -79.012478
118.481565 -15.850688
-79.235283 -94.108246
-55.731959 -46.349420
-0.627242  36.555697 
16.896690  86.676076 
-53.946802 10.413782 
-96.993060 -29.992906
-10.650969 -97.383817
-38.799132 61.306662 
-78.378118 -36.071112
21.354029  -89.987957
-59.892483 -64.719971
-67.070310 93.737589 
61.329882  86.161000 
40.005885  119.753017
17.394916  -105.635346
-117.244286 21.977102 
59.160971  44.352535 
0.806580   -26.372328
115.919153 1.684360  
109.639424 -90.822051
25.347890  -68.161345
67.008217  41.170514 
-78.638915 45.776881 
-60.703976 26.222790 
-42.704953 55.779710 
49.284340  -74.528496
105.451603 35.888491 
51.771061  115.969808
58.382093  33.368237 
-8.602541  -113.027312
118.948054 -114.450770
110.891564 -54.704374
-59.169139 52.993551 
-11.616172 -70.077840
-104.902569 -51.329767
-41.820942 61.089503 
99.760933  -58.518644
113.327075 102.760310
-114.810205 -89.432201
9.466307   114.967065
-24.691303 -3.594218 
-63.503569 19.852459 
28.239280  37.735363 
25.322041  -60.024992
81.268992  -49.051685
8.624939   90.617237 
-91.473385 117.052731
-115.519280 114.231425
-3.637630  -8.083595 
23.049100  -38.987494
-110.434543 -9.700910 
-70.653662 -108.485138
-96.058895 46.708243 
100.557606 62.664480 
-4.543559  -42.894876
-11.351650 12.236308 
40.510678  49.148200 
-117.019835 47.001093 
-10.908510 -58.822988
58.800989  92.354652 
40.580220  100.748941
111.179280 -55.608163
-119.080478 26.836447 
6.238261   -12.153493
-88.835064 68.811005 
47.479590  118.755424
35.820511  -97.854057
34.378552  -60.541411
-13.256738 -70.869285
-21.388714 -62.991486
-72.727573 25.575443 
-43.312475 104.790364
-76.603983 106.582349
109.361220 -31.932446
41.005818  70.381301 
-0.539904  111.777587
17.893529  -69.810319
-116.370633 112.252747
26.813185  -80.095800
-93.231351 -104.636201
88.962442  17.121173 
105.416629 -66.134997
-108.996615 35.440203 
1.674405   15.005132 
-0.143680  39.791812 
-61.875090 -60.703740
19.614071  114.532763
46.165997  106.482199
-61.143639 88.013431 
3.346572   -14.748161
-104.133399 89.718890 
-96.106022 -46.839489
-103.813555 58.379760 
0.448373   -102.585504
9.818677   -65.595615
101.294833 43.301070 
54.689195  -9.341952 
109.724786 23.435384 
64.276078  -42.781483
-68.751848 67.705024 
25.787471  30.798561 
60.010923  1.228695  
-54.794014 -56.386534
103.323723 -35.216164
23.392329  -63.659437
-82.710550 -65.314328
-43.770966 111.940343
-45.341597 -50.281083
68.186820  -78.415179
-116.783525 -35.445597
-49.470983 -115.334532
-74.900199 81.208292 
117.912433 50.476545 
105.375437 -61.911985
-58.989760 71.062057 
70.044557  118.925907
-76.382999 -47.824420
24.012967  -67.256887
94.868599  35.276865 
117.953866 -87.862986
-39.201607 76.694262 
18.318706  -59.836327
-95.776761 -71.876276
-64.251097 -51.491993
-102.782122 -116.722896
13.007138  -53.503210
40.685310  -57.457407
5.481314   -105.860644
-91.289611 60.182881 
10.611636  -74.148665
-48.549034 -102.451579
35.915346  -5.555382 
-104.397970 -20.962776
94.698594  0.774628  
22.412678  -8.434390 
-85.710743 -11.425061
107.027236 110.985960
67.736690  53.862169 
-43.558273 117.813591
-48.843537 -74.140107
118.723182 77.800780 
117.582829 -52.271412
16.681964  -72.673995
-86.564546 -51.139478
51.704946  -82.766338
-37.034820 1.015036  
4.697077   -88.446630
112.760919 -95.185711
-36.670038 79.408717 
-20.338769 -51.510277
96.833263  -54.748297
-33.369254 117.328564
41.420509  -86.998267
-5.612692  -42.056139
59.187044  72.386931 
34.969738  4.727974  
-100.736319 -109.541652
-83.889239 -89.090650
-1.050650  -96.529631
14.215546  -21.855063
-97.285407 13.453902 
26.059262  -88.820883
-47.872510 65.089370 
-82.254709 -109.004119
-11.808954 1.691935  
1.803820   82.437483 
-78.810131 -46.459109
74.258846  65.835689 
113.049239 -91.086530
32.482947  44.449786 
105.861986 -101.690159
-21.594190 27.501987 
102.931862 -33.754914
33.864652  -50.932274
-37.413796 -93.023038
-65.025471 87.403536 
37.208702  20.664741 
37.021953  -54.361773
-114.610176 -67.069655
26.899165  -116.406929
70.103127  100.427502
-51.001080 -70.221230
66.607311  -110.056957
-72.941786 91.921998 
37.059701  32.703025 
83.516692  111.184761
38.362323  -2.751687 
93.560280  -93.186381
74.709898  6.037332  
119.299241 41.425639 
-66.434800 -76.568254
-111.088156 56.343613 
64.817324  95.205120 
77.119533  -82.236968
99.618821  -52.031655
-65.080959 18.878880 
-109.497428 17.420380 
62.281829  -53.125969
41.711186  117.279272
-97.567241 24.982537 
14.809698  77.856335 
-67.291927 70.789062 
-25.366296 -47.599786
79.793184  -97.404569
-9.265929  97.040393 
60.275027  -35.872248
36.672105  105.457725
92.486854  -49.551311
2.460906   -90.440762
29.208564  -34.537198
-98.773677 32.463654 
83.735670  -56.476973
-78.865978 26.105049 
90.971602  -65.680845
-63.972584 -79.626629
114.252937 -8.834711 
87.898628  -98.096277
73.088997  94.268892 
-115.590653 71.036347 
24.737964  24.356097 
117.665121 86.065236 
15.578952  -58.928048
25.192332  24.757244 
44.036694  20.277469 
59.303482  -25.314652
-32.092570 -93.238155
12.188961  100.714044
-64.346146 1.816497  
114.667438 -90.255795
-85.153052 -18.168523
-106.272712 51.484934 
28.108769  -42.896604
-95.719190 37.219483 
49.198648  -86.451169
-47.850835 108.693263
-35.818871 -52.985682
-17.288221 -51.768344
-38.611927 -98.781145
-51.057259 39.778190 
42.441929  -15.295939
51.326550  -31.978722
32.690077  15.363427 
21.730806  18.064156 
-8.554603  -76.684057
101.996924 -64.220180
-92.370631 65.113577 
-29.434407 13.527682 
103.875218 -68.928291
34.638147  42.524245 
-0.219743  -95.159609
-35.311481 -104.159572
37.941064  55.934176 
-71.412250 61.278923 
-47.432700 -101.636943
-28.373072 -42.874391
-86.229901 -3.768168 
106.876311 -35.587430
-103.363987 46.763378 
46.402988  52.515895 
-87.741852 -62.684856
110.548834 114.039307
-75.551187 11.359759 
-56.183586 114.034270
-95.105514 -25.904614
-99.681682 -44.377765
5.448689   47.709287 
-107.236810 -28.247325
108.381833 111.952023
104.054730 101.143103
117.793176 115.767341
-54.930961 46.554631 
74.423133  -63.321844
107.471689 -97.514522
-60.291348 51.136731 
53.502325  112.006224
-14.074858 78.770624 
-106.903521 11.493905 
-51.164859 -66.167391
-114.001513 81.099060 
-74.839016 68.893670 
71.326010  36.153130 
88.081981  -98.548762
88.227468  -7.490023 
-8.980154  41.480895 
113.375145 14.945258 
-64.138740 -20.279502
101.164192 43.155807 
-69.131172 -3.399255 
100.616994 7.900059  
24.986253  -43.167534
-41.234405 -4.572984 
54.197665  -6.571507 
-80.091605 77.004643 
-59.181563 98.627697 
67.269820  -58.872892
88.210503  -89.955653
52.472664  -31.877221
-5.617791  113.507854
-19.639278 28.076367 
111.175799 -102.265309
-99.353861 30.416440 
-73.850877 104.857994
102.515277 16.452007 
-16.984610 -82.783328
-90.443927 -78.781997
85.896890  54.610870 
82.851524  62.648529 
115.758866 -1.407121 
-79.825305 -79.736416
42.774434  -109.843157
-63.915125 7.257206  
103.759072 -63.831376
-115.340323 -73.361435
83.065031  70.343754 
-17.865595 68.136946 
103.644974 -1.334320 
-111.328138 89.011921 
-69.667704 -86.552939
87.666352  -6.261134 
48.646799  105.315173
-43.897070 -48.361465
89.893498  84.853264 
43.797044  77.233730 
58.980367  -102.738503
-24.045181 90.697541 
-89.667795 48.885883 
-11.167925 -119.903651
-69.764441 51.261558 
-25.230195 -18.394450
43.446601  -85.876869
-36.804031 -32.030006
-75.952161 60.895749 
-49.765594 51.765915 
15.264890  -54.374043
75.557272  36.459458 
33.665563  16.469503 
-81.821800 75.696977 
89.200963  68.885462 
-50.793063 4.866885  
-60.928255 -79.082407
21.745160  -55.046343
-65.489592 95.071374 
52.833528  119.926811
74.365278  98.842098 
-113.113344 -22.197442
90.533791  -44.707709
-53.598499 -71.109600
-47.054517 73.750963 
41.229237  23.839231 
58.431152  48.345666 
69.759148  -41.019439
-3.325861  -2.832101 
-8.246527  107.120067
9.786347   -1.650972 
96.163153  18.916563 
61.431695  -43.200734
96.233020  -117.314905
71.869151  104.788541
-42.603499 -58.772033
104.342334 71.401220 
-88.208704 -8.007670 
81.080430  100.137900
-100.103228 -13.556872
32.225171  -40.063310
-105.403150 -107.922807
39.402272  89.541799 
49.010407  -34.940687
-111.408855 -57.473225
62.455601  -0.662554 
83.100447  -77.972943
-109.610519 -102.517426
24.219848  -14.395666
-27.065620 -96.709735
-81.626599 -62.428810
-89.726064 -95.652562
112.001976 96.017499 
21.642369  -25.695115
-103.730804 7.478107  
8.707748   -26.941547
113.877630 45.432443 
24.388658  -95.469971
-96.786918 36.107821 
87.425356  -111.342653
95.845814  -110.796105
-101.006398 -96.617420
93.253680  -43.676681
-55.597793 37.950595 
-115.264272 -64.514603
-26.718956 -102.654093
84.961325  -56.421870
78.498994  93.308281 
67.123029  12.461086 
14.896155  115.409840
-107.896741 -41.695524
-72.915288 26.800693 
91.885786  -38.029001
-61.572927 0.716234  
5.113845   115.014795
109.607983 -50.264296
-8.244308  29.664598 
45.791771  -2.364872 
58.665614  92.854723 
59.733098  4.461135  
-108.182835 53.351416 
82.042979  108.744787
-64.238846 96.371578 
74.396449  104.680960
9.668280   38.093448 
62.418922  -110.616632
-37.199532 -0.425752 
76.968872  99.173449 
85.048519  -62.913997
-22.269364 38.013010 
-118.022369 103.516117
-92.898722 25.230600 
-100.236617 104.727271
-117.101814 -41.623235
-1.146971  115.954840
83.016088  3.138331  
15.595451  102.044296
-14.002204 52.585868 
17.162592  -49.787559
20.961631  -85.867141
-109.978484 -104.975796
36.643752  10.380059 
93.517550  91.752063 
-61.204427 67.337839 
11.504789  -25.957243
-76.706512 -7.406863 
72.304742  -22.956361
67.019583  67.549002 
13.392330  -7.549179 
-37.323294 32.494821 
-60.056416 -31.758991
45.378591  79.839074 
-38.090510 51.644439 
16.778041  1.412544  
-115.736686 -11.419784
-3.228659  -50.725351
93.837467  90.290737 
22.298058  -26.662450
-8.933084  -39.066262
-91.293949 -43.806136
114.464377 29.092910 
68.274535  14.371985 
92.647695  69.778856 
-40.590942 -105.886667
60.057343  38.172541 
69.623083  110.787011
-96.649599 24.560006 
-70.046003 -71.370546
-75.832701 113.685664
-73.791056 105.633726
51.996133  -8.842471 
74.039519  39.613861 
53.551979  83.752503 
26.019879  -41.479467
20.465970  22.673437 
57.757234  98.907384 
101.248332 119.306584
47.025498  62.807540 
-77.790365 -107.174533
11.176005  32.420009 
-70.123372 65.585519 
-48.667073 -3.126446 
65.152095  35.034002 
-110.353287 -14.277751
-92.041532 2.410299  
8.612287   -18.534442
41.740792  -58.567600
-11.790187 83.442597 
-51.405879 -101.009360
69.133102  108.625198
-65.944694 56.531623 
12.590515  -11.071003
30.163234  45.171867 
-1.476599  -71.143366
-35.274277 87.549373 
-28.824416 88.273029 
-64.825586 28.631836 
21.724790  27.830722 
-28.927029 69.477822 
78.798215  -101.487069
97.156446  -25.478175
-66.199260 111.088677
-66.445123 20.797365 
-95.405442 -102.116773
-24.064282 32.467199 
-45.080225 31.944565 
-3.929750  64.145181 
78.982092  -27.144414
57.511410  81.897277 
-53.128518 -17.551412
10.998648  67.555878 
5.703583   14.235192 
42.586415  -109.561985
118.998929 -65.135766
86.023574  43.572025 
88.531785  45.265838 
-69.346913 -44.425409
85.370788  111.800056
107.813543 -119.693220
59.999855  -92.523436
-74.093862 -64.099775
-50.700021 -8.852041 
-15.199821 -10.809878
30.877820  -78.050731
-111.083302 85.807635 
9.106496   70.475455 
87.827750  84.441283 
-44.144435 79.102107 
-80.355091 -68.074890
-6.272953  -77.418255
90.992965  2.601415  
-115.519090 92.882544 
117.342583 -30.759877
-107.798359 73.814416 
-112.586253 75.015880 
-76.481467 29.794388 
117.870676 89.689855 
-79.877915 33.203644 
-32.214953 -44.611918
-104.224630 50.719457 
64.019758  109.476075
-31.022118 6.703631  
-37.876023 81.948314 
108.471910 108.204521
88.436641  52.558158 
51.566940  22.568843 
86.593263  45.642748 
-41.058354 45.135438 
-13.782185 111.300750
23.395012  -106.246299
14.680374  -81.705514
4.621860   -26.531002
-45.472720 -105.400434
114.018543 -42.321851
-108.218047 34.507558 
-42.706770 -76.822458
-23.578245 117.451605
-90.989530 46.796682 
-26.623140 -75.976248
23.821762  -67.230029
-13.005410 -41.962774
-112.833684 81.838368 
81.795615  -117.598095
87.577421  70.017840 
39.837332  30.730379 
-109.656290 -29.635556
-33.232013 -2.378301 
1.165056   -77.598805
-24.737325 94.316708 
33.570519  -119.499797
-0.334017  53.206986 
-48.106906 48.970578 
85.033493  52.504193 
-13.932742 59.709027 
8.189268   76.429145 
59.417351  -9.328403 
15.659358  -49.821175
-110.813359 71.402055 
65.362035  21.228835 
84.965671  25.131501 
71.311215  -97.861274
2.756585   48.112620 
-118.429739 77.400118 
-68.507617 -79.701484
-23.483144 -59.927987
-108.500945 112.131972
105.274782 -4.511168 
56.736630  -99.225528
-15.689542 -26.012607
7.870266   -20.102169
-17.538224 -36.947118
42.602682  -31.591488
24.846467  74.341139 
4.823694   -15.287524
-50.412424 -97.034090
-70.199054 -46.976280
-21.325480 -42.613257
-95.004539 -91.194536
-102.392794 -107.932569
111.035334 5.514265  
83.495808  -103.110561
-44.067912 44.480372 
49.842601  -9.633450 
36.732158  -88.447610
72.444074  -112.131157
-0.978387  -105.288640
-14.303223 8.471120  
50.112964  -71.639411
77.181823  17.738159 
-55.663001 117.675549
73.101867  15.572120 
-31.210696 0.605663  
-36.103780 23.323932 
-65.280842 -26.031349
51.113079  15.276333 
-28.551842 99.761170 
-7.049881  57.077115 
76.383972  -34.271849
-5.797536  52.799457 
108.995624 -118.545137
41.881310  73.940400 
79.428191  12.519416 
36.839416  -112.886157
-92.513554 21.203607 
70.263927  58.099380 
-86.447485 -67.644732
-91.341491 -34.722925
40.729229  -32.237262
5.234385   -86.875243
-49.973475 96.089134 
-51.278963 -29.347404
99.721496  -81.811644
20.832473  14.630267 
82.320341  -1.103808 
-49.498518 37.392912 
-0.909058  -24.173841
65.874119  -105.644984
-112.928694 -10.150759
15.621714  56.642416 
44.700358  -39.493433
-48.116781 103.770676
21.154100  -31.968839
-59.678427 118.682998
110.458486 -91.723783
111.638864 -5.185224 
18.888576  -67.638039
-92.427027 -98.507408
-112.415710 80.451069 
19.209969  62.874824 
51.563170  -21.057240
-57.493864 -7.955636 
111.769523 -7.812979 
83.211612  57.111020 
11.031994  -98.421797
-52.116406 -11.995609
7.686661   6.408583  
75.066795  115.897614
-113.823567 23.151530 
109.236712 -32.185699
52.949512  112.844909
-25.705750 87.763271 
-40.206313 -86.482484
100.508350 -68.063593
-57.786930 106.209609
93.376957  61.159991 
23.556093  -6.959744 
-14.718720 96.649829 
-75.225323 1.016088  
117.419080 29.804449 
4.561654   -38.445708
-37.746584 -58.246359
-15.832748 -26.125651
83.250953  41.165692 
-95.997089 -106.584793
-93.509749 27.587701 
-56.069601 -75.326266
-14.807507 78.988848 
-95.108997 26.384681 
87.483906  -8.323810 
93.461717  4.573692  
109.563691 -92.803603
-61.495311 -102.196875
77.057143  -90.273522
11.764570  31.706123 
-1.329312  46.409126 
64.903741  -47.591232
-16.426127 -42.937905
72.183936  31.106682 
29.427030  46.277930 
-70.555303 12.709044 
116.183424 -83.868982
11.971777  -62.509062
-60.180517 -38.678065
52.410890  60.156476 
-96.408466 70.201107 
-53.261522 77.802716 
82.373295  -106.135239
-27.124570 -118.692047
79.078510  -26.490600
-36.197783 108.162959
55.618190  55.695893 
98.394824  -73.391820
41.934882  -82.463569
32.930936  -64.250419
-44.326548 -43.989592
-34.003425 112.830885
-68.430623 103.764416
84.957857  111.135809
62.760327  34.004727 
84.922526  114.474989
107.732727 77.824988 
51.824657  -57.393779
-52.951118 62.455395 
-14.730383 -117.726151
-83.005541 47.181914 
46.315819  -30.802483
56.900841  -70.627029
-28.985790 -107.509124
78.259144  38.071015 
-78.296476 76.993881 
48.489335  -113.931877
67.118492  -56.097676
-17.723892 72.759872 
81.695096  -47.195142
30.900873  -13.694894
69.180728  -86.387797
-60.748200 26.007036 
23.952516  -80.191364
59.168322  49.527756 
12.464236  115.589557
-103.553214 -62.432355
65.237036  23.430412 
-1.836902  95.326896 
77.685651  92.738058 
29.458531  -61.030523
12.901398  -36.588781
117.062512 7.579506  
97.146620  20.466683 
84.876779  105.455969
-54.221857 -14.108651
-114.278144 54.248612 
-117.945840 44.842116 
80.729214  -54.954338
-20.338878 100.799195
68.224556  99.030359 
-91.475592 -29.260445
105.360985 -29.284321
-78.267332 -6.079585 
-86.293448 -60.908682
-8.825223  -8.917803 
-63.987023 -48.789980
73.899128  74.771043 
87.340498  17.745486 
15.995884  -96.554739
1.650488   -60.637639
-62.543897 103.408127
49.034665  42.228573 
-74.632726 101.993818
-108.148259 -116.562497
-25.842700 57.932926 
13.885385  46.535057 
29.840967  -71.664616
-71.498739 54.686189 
-63.628464 -36.983009
-40.354747 109.375971
-108.365080 68.385703 
30.266359  97.483951 
95.995263  -19.590200
118.619866 0.249854  
-11.630955 -45.574139
100.666582 -65.416128
49.631024  -59.042327
-44.023670 -65.341024
-8.570934  -58.908666
-81.395613 -43.136177
-112.362398 92.376217 
24.185673  0.826424  
-33.002325 -104.538407
-69.372190 88.431088 
23.862405  63.264387 
-17.446842 108.265001
-86.388657 89.012285 
-78.743063 -84.218949
-14.752749 30.575613 
95.820992  79.753771 
88.133843  111.966485
-115.682411 -90.358111
56.606427  15.451807 
-9.564280  -12.992093
-91.783110 7.084384  
23.043333  -44.549844
16.179480  -70.322727
-104.732058 -21.643484
48.785116  -27.511905
-68.864053 -23.736700
11.558118  -90.533304
-69.590624 36.262489 
61.571970  43.668934 
12.723083  -65.611611
-28.070814 -73.542077
49.606513  113.301844
50.532936  1.736542  
-64.996227 96.822488 
42.407025  -63.897310
-10.421961 -3.632011 
38.440353  -19.924837
32.941208  -6.878274 
-8.262985  43.042648 
-108.411635 -101.509845
-54.027954 -111.276143
87.422342  -103.326007
-104.600586 98.599211 
-11.482154 14.066743 
-117.692096 -31.658133
-26.719115 -41.364589
72.065525  -76.657500
-32.113307 66.053728 
-81.839240 12.762200 
90.972869  0.159125  
-27.326304 1.757202  
-70.073886 -100.102371
19.042526  51.869816 
-36.654475 30.341128 
-47.024249 82.901701 
-67.392756 -8.690758 
103.229895 9.514006  
38.738091  111.273802
110.679743 30.972087 
83.255361  48.653837 
-63.935786 -54.793025
45.294713  -57.327226
115.237892 -60.385073
-80.435333 111.082998
-44.306237 -14.628614
-54.935577 62.057889 
116.694716 17.385695 
102.743282 -25.480500
-108.300171 48.960190 
45.225709  83.571629 
-70.736705 100.081106
109.603627 -41.773614
-119.913683 115.312210
62.995924  21.780136 
-67.846059 -77.755759
-69.702064 -55.814739
33.652318  -27.759735
-10.217978 -107.180308
-70.038569 -109.336410
-2.318193  84.553965 
-34.233898 99.381387 
-115.027992 49.262797 
13.550649  -98.299334
73.619164  101.425105
55.105965  114.619575
75.293009  -66.192048
55.765462  -68.620922
1.346810   -58.758093
34.896522  26.814726 
16.076684  72.522239 
3.581468   -70.496226
41.852920  -69.101274
88.428910  -10.142978
-98.790783 -68.226975
34.304803  18.150480 
-46.385787 85.317177 
-38.272413 7.114005  
86.882542  -54.243850
94.495414  -15.727052
75.985248  96.645030 
20.666379  -69.043193
68.211373  1.781154  
60.702996  -64.743342
-22.314433 105.158105
-108.307336 -85.720959
-29.124817 -80.997559
14.436057  -86.034941
104.317505 50.701827 
22.571068  15.161850 
-69.044478 -39.853633
-43.109470 40.971828 
-119.131430 -42.250745
-90.837272 110.341482
-75.991821 -48.265791
-69.914201 67.741084 
-3.323763  -90.570781
74.030752  4.656501  
100.552973 -83.048665
-71.245790 -83.470528
-61.315273 31.958579 
22.337207  -52.597921
15.917626  -7.941631 
-100.295618 -27.764030
79.923866  39.007508 
78.087478  76.833829 
102.529994 96.181248 
-40.822188 -19.857852
37.680134  -81.507295
-21.041297 105.599103
79.631244  84.642411 
-31.433582 -46.925620
13.529890  70.502399 
-18.182075 79.317459 
-46.133198 58.340743 
81.272488  81.874522 
-103.883493 -37.029281
-41.685281 39.091397 
118.843989 24.639741 
-32.944260 -50.792957
89.755459  26.895208 
-106.212903 90.063708 
-96.767871 -30.706295
66.822338  -79.686237
-101.908242 -6.567282 
35.485548  -74.408033
17.179794  32.094592 
-77.949681 -87.426889
36.159048  112.851748
60.544726  -106.601014
-29.315968 -70.264731
-24.675958 107.169200
112.429564 49.326542 
77.904728  4.866681  
-13.491591 -17.146771
-39.327678 -95.323577
118.201674 44.148646 
30.267399  84.939550 
-118.446362 -32.731780
29.774064  -91.913543
-17.896737 60.294111 
31.563310  -109.449519
-35.915413 88.848931 
36.023020  89.253439 
74.111969  72.950487 
106.293926 -116.199287
34.506759  -63.202015
35.123506  21.428180 
13.976121  45.967919 
-48.612174 -10.430406
77.682679  -61.533167
-37.544554 43.368750 
-90.754837 28.264119 
59.522882  -0.250327 
-73.605263 96.651862 
98.829839  -88.150647
79.080101  35.254070 
38.816727  73.401100 
-105.726072 -17.000974
106.641447 10.155354 
-97.593576 25.227492 
4.987280   -15.474449
-8.021903  -57.073395
-59.985951 80.352965 
-7.672597  95.645690 
-38.660098 117.291087
-3.520252  59.755401 
-101.159731 110.291272
-48.597026 70.954079 
51.395867  -116.920979
-116.722048 56.298711 
44.604375  51.540596 
-83.333287 65.303632 
74.661507  -110.029298
11.913810  108.404376
-27.896743 -52.709052
-109.114708 -24.213142
55.989027  -118.578472
-62.534016 -87.115605
2.970643   -28.509751
45.520053  -26.037448
116.700758 -87.121695
-81.325826 -54.165761
-118.334365 -83.556951
118.845796 -115.128164
9.093166   -119.528568
69.636550  8.516303  
86.106066  71.016419 
-82.081887 50.348224 
46.300988  -95.566353
-33.886321 -79.054948
0.013378   -109.333779
12.518239  63.591849 
19.315903  -67.485018
-48.638167 72.733357 
112.571584 74.618785 
51.366699  68.173562 
35.416428  -114.225765
6.718573   81.346618 
21.560913  62.635892 
-16.867977 85.627837 
3.431520   111.280750
112.671769 84.402351 
-9.815177  -48.724634
41.355106  46.274221 
-103.446209 -10.963501
63.015464  63.549364 
36.287030  18.781009 
-4.745325  -30.815773
-31.515174 -113.126941
25.326415  9.108476  
96.636205  11.612476 
20.289632  115.475996
-112.983038 73.561717 
10.598084  -51.036494
76.207568  -104.248075
62.544164  86.286937 
-109.447351 -118.695054
40.242159  107.920911
52.216339  101.629693
70.593484  -80.348599
58.385703  116.397209
21.684072  94.794704 
-43.142863 88.093942 
-45.006976 26.707629 
87.726748  25.246245 
-87.648589 -97.382322
87.341234  -37.007173
54.943707  -2.413315 
71.814434  -14.560954
-108.183833 -57.405733
-70.125199 -22.038114
36.919415  -118.074835
-83.891089 -49.521894
-24.219540 -88.165182
-76.260276 -72.049643
-87.481211 -54.805604
-64.190321 13.885826 
2.624457   53.256877 
19.583071  -31.006819
57.475571  -88.520890
-33.947986 14.043076 
72.621305  87.679670 
-69.318797 -96.672995
108.044860 83.806928 
-12.016728 -21.081683
98.466050  -68.698878
51.045996  -23.719689
64.476813  -29.212566
54.870915  -75.559594
10.132111  73.606465 
-15.455988 -86.760757
-56.364686 -104.212930
-10.605986 -14.110937
-38.338302 95.039414 
45.482045  70.154343 
-20.766342 -50.335833
48.582717  -106.275338
-46.166153 42.018644 
7.933186   -84.475913
-53.072271 -46.359323
28.768633  115.651615
27.036007  23.850807 
31.203383  -6.370081 
-19.658204 -47.375664
-63.210204 -3.310668 
19.589258  70.526086 
-42.560725 55.676124 
72.453464  66.692409 
77.139910  8.183499  
3.143098   36.365775 
-4.246394  -32.842657
7.281262   -100.233224
76.458366  -91.157605
-88.585862 -14.544486
-21.617380 -38.235574
83.017937  19.546060 
-65.507891 -85.523560
-44.234862 -8.589083 
-104.507965 77.390898 
111.572436 -73.411404
-7.025121  117.539046
60.619320  11.021161 
104.477967 -43.566486
88.694495  -63.849053
48.330883  80.936014 
5.366514   -81.618021
-79.683816 -10.208344
-51.465501 19.980723 
15.276585  114.745723
79.099368  -64.934264
45.057145  93.786130 
-91.479283 -32.385315
-70.973150 -65.585641
53.862489  115.284570
68.794905  63.014823 
-76.384429 -14.484607
-88.378484 32.943880 
-6.400821  -11.219050
-24.527131 -91.623804
-83.265512 -31.168027
53.237462  117.577342
-2.368882  57.869676 
-80.291952 -24.690644
-54.287699 36.602294 
18.290003  78.819270 
114.021277 97.111302 
105.915893 -93.820009
13.238609  92.666574 
-5.130559  117.530987
69.245028  -114.643009
60.656256  112.541647
90.342742  -6.403039 
-9.499692  -25.282910
-87.591160 76.178929 
-7.956031  98.341088 
30.281297  77.099989 
-39.751685 -51.833794
43.459566  -82.973767
-40.496466 -38.851581
-103.002587 60.719265 
42.816490  101.754880
-39.035140 -55.095671
47.931066  104.190336
-25.779366 32.489972 
92.486712  -8.555160 
27.411168  -16.209957
78.929662  84.556815 
-21.799617 -35.851674
61.701634  -118.710008
-69.408729 -43.457187
96.155103  83.544565 
-27.523850 -113.571783
-89.234391 -117.343868
14.429502  108.571509
55.557465  80.192151 
-46.644863 54.770977 
20.200735  -18.257757
-27.951478 -87.872750
3.316622   -102.194595
91.926006  -16.172911
93.679713  -7.600863 
106.049350 104.147789
9.112389   106.989309
114.791905 -5.485058 
-111.773129 -80.959266
7.851262   -102.253675
63.457957  -76.913377
-31.248115 -58.804704
86.641165  102.899092
-84.787878 -15.357064
97.343659  -56.426668
32.573982  37.763576 
75.736590  -84.548995
108.159933 -83.218469
22.171644  66.005047 
-6.323609  -112.206430
18.775274  25.132892 
91.384601  16.328390 
50.424994  88.847183 
-8.327682  -10.603449
-0.896800  -99.108430
45.946408  -98.972009
-65.839429 42.244542 
1.403863   -0.184375 
-77.688181 22.049259 
92.693232  -49.656683
21.823437  -10.197608
20.323104  -46.358067
-5.891800  99.408799 
60.664478  59.161657 
12.863753  2.948211  
59.458060  -99.744318
-79.814588 52.929294 
43.492588  -60.049140
-97.344753 -4.792123 
113.703913 -29.920796
101.892951 -1.111020 
-10.276466 -110.651595
99.465964  -92.818233
-44.213454 10.959367 
-104.343902 -115.853981
118.382927 -31.187057
33.768361  -52.711896
-52.145129 119.671534
-43.667771 119.563505
-98.436542 -3.980105 
32.982705  -24.877353
90.353326  107.595639
-37.549454 35.892179 
-8.179995  -20.294319
-48.443493 91.037151 
76.654948  41.275455 
63.361937  32.414060 
42.215729  114.151215
9.562086   31.750968 
77.792782  -70.383466
-0.537695  -61.134907
48.761497  19.918114 
-89.763805 -56.158277
-77.203442 -99.449075
3.089920   -73.259208
44.900800  58.997500 
77.073075  19.082989 
83.458056  -8.787146 
-42.414926 69.339560 
-62.004180 63.164406 
-48.529855 118.911308
-48.628249 67.411798 
67.999400  114.078808
-7.644763  -62.384895
-80.731448 45.656375 
16.797713  26.335139 
-72.230490 25.176034 
27.044673  -66.556453
47.266815  -19.685430
33.568641  -5.685550 
-15.958062 62.063927 
-26.962645 16.992692 
42.582821  -55.365185
-106.231792 111.369557
-70.336823 -83.725142
-84.386479 -73.696353
-49.329411 106.481580
84.479734  112.528516
30.801786  99.094721 
-102.053068 -82.283134
-63.692872 -96.937924
-61.663934 69.722969 
3.973363   36.632615 
-55.784317 -102.216988
-36.420922 32.172813 
-34.728310 13.553374 
11.149338  -32.041342
-107.604784 61.912721 
23.058408  48.396190 
-5.813729  -104.530103
-114.362413 -56.958317
39.477264  28.085170 
113.654243 -82.968938
112.412286 10.191087 
59.979709  -9.620446 
-82.663528 110.699205
82.340998  -51.558660
-119.706745 -103.840560
103.761855 28.505176 
-49.658492 50.248522 
-119.347992 16.515698 
-92.352178 49.707729 
53.230337  22.776706 
119.143006 20.844817 
8.678303   81.281806 
-61.091012 -54.401713
-29.438016 19.617844 
-56.906075 -48.581094
37.522084  -19.634673
-99.216325 -16.502209
-27.452201 -55.858942
4.984631   109.573630
52.426876  -51.877822
-38.823373 68.892614 
71.922857  52.641707 
-113.772823 32.377643 
34.965609  110.115079
109.060712 4.466417  
49.389793  74.130156 
119.313794 -19.390365
-113.677395 -9.779749 
47.873476  63.377779 
68.267504  -34.735299
-90.782191 69.801657 
28.882678  93.970672 
-14.359915 -68.522561
-86.163904 -56.434316
81.357339  -119.191513
-68.059549 -73.696019
-87.706308 74.312839 
-22.992555 21.005593 
-79.380611 79.777039 
-46.154465 30.963139 
-30.365384 -90.032733
-102.567398 84.954417 
75.378027  -9.447972 
33.405332  57.100624 
10.312007  45.361309 
-25.824181 -59.566964
-57.675150 100.680206
32.127978  46.570971 
-112.487382 -28.305445
-3.426847  -106.503691
-87.718456 -100.182827
-9.279023  -33.631204
89.373377  -110.862067
-114.624374 99.842270 
-68.174023 35.867894 
-116.126757 117.390321
-81.563161 0.349805  
89.624070  -65.495349
28.457629  -106.121987
-54.532759 62.103629 
-68.881274 19.229585 
-68.679748 -70.424686
10.477860  -41.523248
62.462421  61.508202 
102.263353 7.172269  
20.804149  -72.101563
-42.907147 -65.950642
68.310898  1.781134  
116.295154 -92.002717
-83.029145 40.320831 
25.649263  22.906364 
46.842523  -114.391807
-8.864767  -3.465665 
-87.232372 41.764142 
108.925476 -51.174910
99.611417  89.419587 
94.164695  119.110702
-67.623029 -62.350696
7.963866   -44.313146
70.421415  -85.484224
110.789754 113.229771
82.485275  -12.164910
93.382086  31.917948 
-34.888625 94.519533 
-112.282545 -42.492895
62.704264  31.272913 
97.883027  -87.162128
-45.444750 -80.031482
111.020569 -82.747383
6.615140   118.709073
-37.206439 2.859972  
93.271154  -9.578447 
40.793917  74.691266 
-109.620792 37.810380 
-88.024899 84.111010 
-68.841275 -51.690867
-69.097356 95.384502 
-37.975254 -112.395704
104.830411 -69.723886
-48.962931 78.616784 
-50.962661 -82.554682
103.936350 -98.794717
81.011540  -23.503173
91.773202  25.851010 
94.791454  -31.495427
-108.257820 20.919245 
37.466545  -63.174857
-102.886851 -7.168226 
104.159507 115.485367
-54.008901 18.301284 
-101.270943 15.224720 
77.403688  23.239416 
111.445254 -26.420538
9.373791   -16.385400
47.961446  -33.101796
-70.822831 -7.137911 
3.045999   -99.819068
86.937158  -82.934424
35.611678  -60.130359
96.545993  -75.266362
104.696382 -107.004660
90.621852  6.452587  
-53.448751 108.497452
-47.652498 22.403700 
15.262826  89.163708 
41.206282  -61.856680
-85.968616 -10.009188
-19.566230 111.662192
101.921371 70.337776 
-14.326199 -1.016700 
57.411764  -113.603638
101.864842 82.481619 
-54.021546 59.682868 
-100.141987 62.446175 
109.670820 47.891202 
48.714372  26.977013 
1.949674   -95.425122
88.301562  -6.030543 
-81.482243 45.915658 
26.409914  70.288104 
-44.047585 66.459748 
-59.732462 95.318957 
88.392802  82.528058 
-44.241187 -114.198202
-87.194369 -0.821442 
-56.940757 -115.396694
75.246960  -0.781484 
-19.215868 -4.674720 
60.419426  5.895037  
78.440079  -6.398966 
61.912884  -61.882740
62.141307  -76.095060
-47.263596 -7.909863 
-7.888022  -70.556814
-42.902066 -51.809853
105.169307 -99.088453
58.892977  46.680259 
-14.486087 0.072887  
-103.755555 54.475730 
80.724056  -43.214367
-42.145857 -70.962974
-86.675193 39.375172 
63.986552  -6.915530 
48.053879  51.152441 
-78.794805 105.501542
-28.983247 93.600011 
54.141275  -24.139707
75.329662  -28.481592
118.537612 -52.395788
-60.039604 47.121469 
36.724502  -104.904418
67.010598  83.375845 
70.648436  -12.552311
-81.050023 31.147653 
-116.121540 36.424895 
7.226412   97.363251 
82.687995  76.776625 
20.486994  -83.575260
18.034829  -90.753222
70.920789  27.580721 
-39.279900 114.090875
15.096254  15.320240 
6.064879   -43.064565
-113.501675 78.039165 
-60.694035 -62.530000
57.273517  5.266338  
49.954095  111.574991
24.734700  20.341409 
-62.641983 106.792351
-37.280689 -74.406257
-35.023621 68.242419 
103.572715 -106.747531
116.198849 -30.073891
115.539900 101.400070
50.623345  -95.817194
39.683118  -64.203534
93.675466  81.638627 
14.758844  -4.664771 
53.550098  66.611417 
-118.373061 -71.749453
-54.109701 50.921599 
-21.999195 90.982073 
12.449480  73.097674 
70.280918  95.249732 
26.468590  -46.595116
4.433017   3.430054  
41.167194  94.700310 
-96.598854 -26.219044
38.820752  -79.908508
14.880202  -36.122918
-52.228145 -34.699684
-75.953609 -59.532608
-2.280500  22.677970 
-54.546870 -104.530417
-119.726798 27.611170 
45.211919  80.863342 
37.472698  55.193592 
61.601190  92.960872 
-111.163594 54.884858 
56.175516  -101.299497
47.607130  -11.695223
-59.310041 27.566983 
-119.587379 -93.532764
-104.342675 65.246369 
10.592786  30.082662 
14.075304  19.496633 
36.389534  -67.312145
15.892339  95.137280 
4.103293   113.317107
-18.696075 104.076170
100.765872 -40.711255
-44.482800 -65.062623
-42.204896 -78.913047
-75.971284 -111.278032
74.618744  -76.769080
-0.421309  -103.804670
-51.985898 -53.742919
0.524363   106.130067
-44.055877 29.841966 
40.574794  -21.549308
34.701262  31.837886 
-61.040386 49.993712 
3.301053   -101.511755
14.424583  15.348856 
-72.239229 117.092432
55.476587  107.537432
51.471162  -41.278938
9.496449   90.997834 
-53.724252 56.556182 
15.742018  88.831250 
57.100794  -76.311898
94.070387  92.383968 
77.429379  64.472172 
-35.812872 89.043647 
78.628969  -21.022976
112.955338 -66.247470
-70.312500 -111.392226
-88.042437 44.561603 
-102.141635 -66.639477
-119.633849 -34.467585
-98.691989 -76.095727
43.079329  53.805581 
20.741981  115.351584
-43.143075 -17.000008
11.253945  -78.246493
-11.948402 49.204776 
-79.872467 -77.299673
-98.220081 86.655432 
115.811810 -56.391595
27.240737  97.876238 
60.834739  16.805276 
-75.659648 -84.856721
60.894996  -85.210070
-69.248435 50.485528 
62.009683  84.635903 
60.543189  6.000340  
-93.906929 21.690620 
-66.546584 9.925648  
53.665360  54.619221 
30.913577  37.183720 
-83.946592 -64.383383
-63.608672 -56.858326
52.771360  -67.901256
-85.785842 29.054802 
10.311282  35.689428 
-96.001240 -113.757576
4.316314   -80.767354
30.496411  -3.144070 
26.489636  -71.480785
-115.521589 -93.526156
52.691605  -10.275958
89.531938  22.665760 
-10.638067 106.315204
99.304255  -61.014894
-101.942470 -8.201363 
-57.007018 -53.427444
51.074473  -101.872354
-91.184129 30.521201 
77.925513  -54.749682
117.613383 8.448151  
-98.909368 81.470129 
-65.024982 -118.032453
6.284439   88.857615 
-47.561468 -44.304814
-8.375726  93.945652 
-24.444062 -65.971633
113.742697 -22.717481
40.991375  -45.833705
-82.706084 62.904804 
-48.710641 113.226051
-75.032263 51.820204 
81.092650  -101.394536
-89.388733 68.565547 
6.370706   79.795963 
-30.012355 -104.870827
116.165678 86.788404 
107.937135 85.964503 
-37.983988 -67.740012
60.790515  95.680199 
53.869776  -49.808764
-117.323391 -108.321782
-32.642981 -9.581799 
67.905023  56.940477 
95.613506  2.338472  
46.408976  -119.955797
-72.169331 21.826972 
-24.667974 84.160986 
82.345659  -47.675081
93.270479  -27.480046
47.298615  -41.532226
116.732160 2.979140  
94.313014  -8.313120 
-50.722657 -101.445562
-116.529825 82.770904 
26.129177  96.549882 
-20.894348 -89.438953
-88.177037 -91.857888
-105.235413 28.313880 
4.922172   -110.286473
-65.491276 -93.526407
62.559166  28.395281 
86.827891  -94.904507
29.017122  -0.068588 
-106.818627 -105.835876
-51.140718 51.774829 
74.970207  -11.457959
-57.009027 -6.932611 
-38.743795 -3.224908 
-93.922284 30.896284 
41.951991  -93.634738
101.038320 -82.089982
-119.295562 -69.339882
-63.382309 35.027520 
48.213264  34.383240 
-96.469227 9.439898  
-109.193424 18.370745 
22.775162  95.709341 
35.077990  -32.378391
-0.239633  107.437425
50.172468  -110.988136
-7.015881  -10.468895
-107.586880 -37.165174
8.444311   -119.831264
-115.063448 -110.507423
1.031435   18.966341 
17.095497  78.630150 
39.879557  -84.186832
80.574172  -104.044874
44.857762  62.349340 
-78.832339 60.206092 
-34.338332 9.386585  
27.168928  -12.801156
-64.879207 80.044277 
-114.942889 15.938600 
-103.734235 -94.199236
6.561754   -104.498395
105.634109 -114.109548
-101.203807 -72.163790
-41.159411 -68.888715
-36.751813 81.661656 
9.923354   -33.509655
26.066861  106.092413
-42.512556 54.227587 
-54.968380 113.878037
0.408251   12.515768 
95.672627  -57.967024
75.826602  -41.567145
-100.550934 10.928592 
-79.949595 38.554018 
64.824257  -100.988103
-44.703568 58.977521 
95.600964  44.856061 
-35.272872 33.604422 
-16.826564 85.282080 
18.214684  -96.156474
89.835798  85.347921 
-27.506398 -55.647988
68.734270  -27.237141
-115.210825 -69.753017
38.503424  75.223419 
-3.001688  42.241255 
-117.080628 97.562475 
58.001279  74.037011 
-3.922048  3.153799  
-108.759468 -60.760093
87.827308  104.910813
14.666808  -37.455172
-116.389613 3.456335  
88.523493  107.656306
105.878274 -16.483910
-22.837734 19.670430 
7.569601   106.787221
60.151051  35.209982 
-117.019712 -48.456695
-79.607693 25.020741 
65.293180  -30.634503
34.684020  -87.510806
-46.193221 40.137524 
-32.438045 -48.198389
-59.679219 82.512376 
98.095840  112.972536
-33.602424 96.124329 
-25.758127 -81.313568
92.785265  111.118300
-35.296432 80.502055 
-118.800623 -26.224394
-35.902355 -35.335167
60.188076  43.999369 
-99.565741 11.530772 
4.001335   -58.408485
92.923534  1.343819  
65.869016  -43.463074
-94.592522 4.540735  
-13.480525 48.333949 
-76.386939 -78.939058
100.807061 -35.475467
-30.537086 -17.061781
-112.983515 8.086384  
21.269722  -15.234317
-82.007150 119.960572
-5.160784  90.523657 
117.639095 8.940200  
-93.973485 -10.900550
-116.998628 70.970417 
-19.524844 71.893364 
107.688555 82.999134 
-114.225169 14.268055 
-42.585761 -45.732564
-51.472798 -48.771530
78.253201  -12.491368
-1.947525  -55.032480
-20.381122 117.432171
-110.730119 -76.420054
-61.157482 -108.272656
-109.496710 73.249430 
-20.185249 -53.058113
97.124862  90.927787 
96.674621  -105.000692
-67.790405 -81.253047
-104.684576 46.883264 
-91.633423 74.989450 
96.603185  -117.113197
80.936433  11.223313 
-18.990366 -58.275344
-115.329212 21.242662 
-76.877351 -73.573234
69.319200  -76.640207
56.094883  -11.431981
53.858207  8.237700  
-7.585803  -60.940670
-110.307507 -76.553815
79.085789  -61.612515
104.079712 -66.831412
70.883920  19.860880 
115.260322 91.815541 
53.844322  -1.448120 
85.226428  96.479838 
-49.619163 31.819018 
-16.506205 -72.599119
104.155962 15.457983 
-42.056559 75.314939 
-48.298641 26.283712 
88.759890  65.650131 
-116.423066 -9.996985 
43.697868  14.254253 
-22.991321 99.211415 
30.217749  61.873410 
115.942815 37.661478 
-7.953464  40.463248 
9.342691   35.649014 
-19.859446 -75.170571
21.859361  -17.024267
-17.910337 -46.438706
-72.236596 107.329363
21.781139  112.440091
41.585618  -32.163636
-43.681432 -64.226892
-27.696826 38.738098 
-10.416450 -106.894918
-9.601418  93.585651 
-118.107596 -43.863194
-113.959567 -1.223332 
-45.433708 42.051501 
23.385571  31.182689 
24.571197  -32.557749
71.671237  -52.496824
60.044481  -74.906798
-38.425582 7.232054  
-25.295812 25.166616 
46.125500  -73.212866
69.279876  -10.894091
67.367090  -12.901761
-79.693306 -113.196436
102.023987 21.594742 
18.854037  72.351402 
68.085781  5.767232  
19.193447  31.326332 
89.363108  -43.522613
1.075014   -95.388531
-103.589492 -22.470586
-48.942027 -61.173365
-66.395277 -38.226808
-82.971687 -70.649797
46.109157  -13.203016
70.796538  80.928421 
106.811396 60.405740 
-112.171582 -78.658249
-87.602110 -107.302996
52.764564  -6.106849 
-72.331049 55.126418 
-103.631941 106.668191
17.575337  111.178458
-65.169712 8.156955  
12.824750  23.714759 
-83.961813 -23.055143
-58.494795 -119.261347
19.422191  68.851762 
-13.856418 -86.041108
-61.622098 -107.543368
46.846874  -118.378399
-70.261458 65.598375 
59.188022  32.856805 
77.109858  45.388308 
-68.468315 -4.419920 
-115.775719 31.599157 
-30.361663 23.899876 
-70.831142 -87.443828
-86.763665 68.464013 
-37.936991 -118.823841
40.881267  3.562331  
-23.824176 41.128245 
117.619139 -29.485311
-14.349069 -48.118242
53.980717  -80.161160
-72.921752 -8.805237 
85.062993  -78.459694
-77.732674 -45.256633
83.766164  80.702510 
-103.391994 63.262291 
-12.740921 -104.921534
-78.868190 -70.260721
-75.439049 -113.688302
-84.431389 -35.721356
-56.858842 -67.464972
-49.484364 -30.396600
-71.065155 100.642594
1.654172   5.791325  
-26.306648 -29.838996
-48.643342 -100.025916
-69.467750 66.110812 
19.159617  49.063194 
-8.344465  -75.362979
-74.990363 -109.677005
-33.290803 35.337858 
-19.004584 57.258451 
-38.659806 -119.716440
52.922834  63.465554 
-39.438276 -95.206296
-72.608317 -2.173968 
-81.989972 34.861446 
-96.891040 9.524788  
36.275959  -96.964757
55.764236  -42.831883
21.368258  -116.954622
-34.845298 41.158954 
-20.487096 -27.022155
74.530824  -5.563759 
38.610475  -47.627057
55.761203  23.177592 
30.354249  -100.534896
44.948365  13.209268 
-68.251617 -46.357649
-6.898318  10.181778 
-44.014427 4.270775  
-86.089481 -21.046039
-52.161397 -15.860778
-93.319677 85.701259 
-114.699348 -93.643806
-23.956904 24.366500 
-114.006998 84.178629 
-16.019936 12.266905 
41.107343  92.542087 
-112.034494 73.215395 
68.753536  24.973784 
13.397543  -109.283763
-55.495560 -90.535060
-119.651596 110.442600
-103.104276 53.745856 
99.920089  -72.072222
51.450596  -45.802525
51.349960  73.349632 
69.040886  14.282168 
0.513466   85.575535 
57.728444  22.802831 
2.912025   12.279580 
-78.751399 -103.580767
102.419803 -94.012922
9.880897   69.408192 
38.495912  -15.435690
-16.448407 -111.862466
40.706436  91.107861 
11.065594  110.691477
-71.273576 114.020125
24.979621  -52.316784
-84.076880 71.560269 
-33.571173 57.386007 
88.094711  65.817631 
-73.136570 47.294627 
20.440958  71.001486 
-39.785522 -59.789590
-115.523953 -72.307546
-10.757144 82.220341 
-14.866879 -28.948226
-116.356016 -83.208909
72.466421  -36.733197
-85.508776 99.654712 
-28.053859 -88.956719
82.384646  -62.066541
55.233874  -106.479840
113.312057 -5.968433 
99.503463  -6.474757 
-92.602439 -58.051426
-17.068668 37.299306 
11.612150  -39.215837
9.598901   101.054441
-25.581488 -81.192148
-16.462270 -7.840847 
84.907892  -100.667474
-8.542903  98.173917 
-67.775834 -116.118529
107.532759 105.210433
-33.937510 32.690411 
-7.156799  -92.006800
73.780140  20.384868 
-103.865389 94.484435 
-96.182491 -21.016016
-3.128531  115.329020
23.945434  1.656395  
-69.033270 -82.896516
86.306915  -1.831816 
91.927391  117.052212
97.041397  -26.620642
93.027371  17.112768 
-1.372987  46.245234 
-17.574858 -88.148173
22.341007  -107.711675
100.036971 16.817209 
-56.665868 4.519500  
78.038053  -116.738245
-75.294665 -117.507984
45.717412  -43.829153
-48.246508 -23.756535
98.278756  70.714634 
-58.881488 -41.896950
-28.944846 111.218450
-31.447406 -116.826721
-44.195840 78.609094 
46.550872  89.100402 
-24.413804 -105.369139
-109.841597 -85.779303
-19.043404 -90.241288
-109.971364 -8.208985 
36.449317  7.154543  
-109.360311 115.947509
101.587529 -38.112154
-85.803385 -70.851458
0.792165   -98.984575
-45.509028 45.388700 
97.397920  -49.470372
-117.330526 -108.744222
-25.959344 24.033905 
-67.278601 -53.197589
-58.380869 42.001434 
38.063810  24.287541 
-108.824621 -110.993842
-9.781110  33.802218 
-8.818659  -3.816188 
-59.208949 102.522330
-108.295342 -17.526546
-33.541734 -93.357889
33.003385  -55.912499
-106.571853 1.316190  
41.501463  4.296367  
25.299170  -8.119445 
90.597614  -31.796909
75.021743  -2.639566 
72.023839  -97.190036
66.242978  5.810927  
-50.543100 -54.441324
59.134746  -44.086928
-105.220299 -65.323818
-53.482916 -115.122484
117.571911 30.809660 
110.731141 -76.837217
-28.691239 -83.278363
-74.208291 84.029219 
-79.724029 7.010167  
46.479245  -53.436224
31.094774  -37.187534
-102.157551 111.910452
59.454057  -89.653167
-98.500092 -95.097844
103.921026 98.992257 
115.840120 -85.436568
-85.628331 110.536446
15.251891  -118.856199
-102.566050 8.367945  
-89.115174 63.513431 
-96.776993 86.332837 
31.549360  74.451714 
54.461348  -8.673117 
10.215520  -108.768205
-3.560202  -103.269234
-47.356532 86.263768 
89.171165  64.777891 
111.545135 -1.935091 
-29.891936 -99.404450
-27.743754 -42.876123
46.690084  -78.455853
26.320483  -53.531159
-11.122735 43.998639 
-59.369910 80.073958 
-112.207557 90.930340 
30.519542  -27.299450
-106.500492 -98.812769
-101.813769 -61.531297
45.525476  -114.264317
-34.765575 -15.521293
93.537998  17.599975 
87.382341  69.056363 
-12.457859 91.400777 
46.901350  44.468987 
80.345823  -27.566733
24.619468  4.035993  
24.548123  -84.656779
47.335722  -11.738342
-70.677904 60.090686 
61.799502  9.996061  
-62.703218 -10.125148
75.504921  -109.342581
-112.477539 -19.577491
1.087840   -89.654220
109.796854 -48.569180
17.805545  32.349133 
78.482288  2.931102  
18.841145  84.433330 
-69.763624 -10.718789
110.921719 -85.033561
3.110341   40.386660 
-12.950037 -92.755395
109.105477 24.256687 
75.706071  -97.547827
88.433607  19.539072 
-102.674923 118.939121
-96.745157 102.729765
23.165336  88.504116 
81.643446  35.963027 
101.749761 -83.548386
-14.666786 -119.611727
-33.557497 3.795085  
91.146372  42.269483 
7.021385   4.009414  
-66.100493 -24.184657
119.840673 48.478369 
110.260840 109.488536
97.666100  -105.379925
-72.107464 60.407830 
54.400464  -112.349442
28.696529  66.834090 
31.888302  -74.395229
101.858286 116.321440
-79.554662 -27.056610
17.029028  -68.487517
6.895661   -32.635794
-94.646829 40.066276 
80.434940  -48.983324
41.494361  -60.440200
118.233176 108.558730
73.715619  17.570434 
63.660437  7.675536  
34.003727  -20.626133
39.230096  -83.755628
-57.654304 35.319591 
0.273170   10.727408 
-90.251983 -14.245212
-113.855845 61.587579 
45.468746  95.045682 
81.965900  -32.030624
105.972597 116.924011
58.498454  36.470495 
-87.835528 22.228409 
48.040463  -20.434503
27.345536  116.971499
-69.820669 -98.432696
-23.626626 18.995176 
-102.100980 -12.259510
-99.525076 116.744394
67.341648  77.513033 
73.902226  -55.501835
-62.506819 21.006694 
29.966196  89.233523 
111.442805 86.540812 
-71.126571 22.483133 
-90.287287 -51.372135
-18.467704 -62.897837
10.134602  82.305087 
56.559614  28.457429 
3.463952   -55.312213
-117.644843 44.908472 
-83.928734 -38.459992
52.921484  48.546111 
-41.577080 93.899868 
-87.765891 -69.529191
-89.431603 115.378674
-18.602184 87.737097 
-113.252830 50.957106 
-112.911751 -115.331602
-104.527857 -74.951433
101.703082 89.386208 
-15.338179 -43.659455
73.825987  -59.348463
-24.650828 87.700090 
-15.194156 -29.510660
117.079488 -42.898380
-15.556427 -37.144420
-98.724325 -82.862158
-114.362351 99.190299 
42.343620  -90.533464
61.378363  -115.584811
90.833151  16.505287 
84.543077  86.498442 
102.194839 19.765271 
-91.817448 -107.883149
27.790143  114.548074
33.110801  -29.750838
46.545081  -68.222343
97.783733  56.379835 
107.825430 -18.203988
21.288953  -37.376061
68.263530  75.532434 
39.808040  23.202967 
-90.296669 31.760477 
57.478553  61.454107 
41.943796  -115.502583
-16.496886 112.610372
92.213208  97.225969 
-75.525774 91.152811 
33.441428  110.624391
63.160559  -115.035294
-13.433407 39.597442 
85.556630  106.141949
-18.322787 -97.615224
-85.940724 -110.385902
-88.740596 24.992601 
-104.236876 -39.438460
25.991240  58.702191 
61.867229  0.718342  
74.924774  -12.394155
-110.540750 -86.809131
-59.212175 110.297981
28.976866  13.681452 
51.534292  -70.100745
-23.840630 89.842044 
26.038199  -72.278129
-2.730530  55.935777 
33.938629  88.437964 
107.771658 41.219199 
108.099228 13.359555 
25.335703  -0.732377 
-29.640949 12.115762 
112.095177 -110.931585
70.771484  -34.419654
78.014396  92.444708 
28.329835  -63.927906
93.595777  -27.854086
-43.507178 -78.542709
-81.942834 14.317865 
-98.645346 -66.981951
72.004624  -112.322814
-0.979174  -95.961880
36.217386  -4.605072 
88.379592  39.150349 
-100.198890 108.273933
62.391555  75.284073 
-113.798447 45.116790 
-98.309570 107.334958
112.879487 -110.863335
3.234468   -25.109395
51.344085  -55.547775
-75.597492 85.457016 
-58.242426 3.202365  
-14.758964 -17.616790
-34.662685 113.156373
-42.618031 -103.249854
-100.740757 -6.448967 
104.662643 -100.684820
-26.323772 50.085244 
-53.888030 -34.108944
104.872130 -107.159099
44.970307  -106.619178
34.036643  -98.195938
90.341556  -81.803707
84.592446  64.714951 
91.231470  -8.326592 
23.392831  31.342628 
33.659388  -43.966903
-27.985192 29.093629 
-13.190911 114.469419
25.825046  -78.270834
-73.322566 28.566650 
82.907559  24.028884 
118.995850 -42.062874
110.627050 -20.638986
-51.411887 22.345599 
0.717959   25.694960 
-45.306132 -12.744055
-54.007340 -6.428351 
-109.800516 63.519560 
-17.855940 35.355903 
-60.470345 -98.601473
71.880317  -15.263513
12.287026  -99.378141
44.029818  -26.287257
-84.945725 91.958716 
17.879043  -65.010795
118.890558 -23.341460
45.117133  110.264985
58.550103  -0.064422 
32.759315  71.720877 
-91.376585 1.995104  
-41.211166 -42.897079
-9.429714  -74.657849
-83.914421 -77.680030
41.475929  -94.918191
-42.185771 -31.761890
-23.839496 18.455738 
32.157592  63.715864 
-50.877809 4.269040  
-111.562812 -11.148184
34.766617  -91.393709
58.309121  -51.777398
44.377078  -8.112320 
116.476966 -48.705116
-101.980055 -11.854971
29.378398  11.000919 
-27.156192 57.921593 
50.065156  50.563511 
5.393150   -88.456066
-50.071193 40.015933 
62.449076  -73.121122
-3.437893  -40.096830
80.478860  96.366849 
66.399066  -0.845766 
-71.256913 103.186137
-55.672490 -23.795990
31.054033  58.741375 
-0.299944  -2.016968 
-41.406649 45.678068 
95.772565  -70.834945
-44.772215 2.858448  
46.422676  -2.126764 
-59.290052 17.628751 
-83.731825 89.324232 
84.561907  -96.455543
-65.786241 21.402488 
109.501937 72.224150 
45.993258  105.961529
72.542334  -111.724441
-37.614818 29.423610 
-83.430929 56.307008 
-119.801493 7.585412  
-112.278013 -50.915541
88.774275  -28.611987
-42.891582 -32.301382
-102.444555 -85.471318
1.300604   69.679159 
92.846379  -46.865625
-119.049532 -62.258240
-118.303207 59.424097 
116.892217 65.143247 
52.531666  -75.652803
27.806400  -89.694090
-112.086857 99.188267 
81.292972  -72.439012
-108.344688 104.813524
74.556180  -69.636985
-25.638744 46.941188 
-28.998418 63.063686 
18.076263  102.139341
-53.393504 -21.050947
-17.467778 -44.314526
5.315714   56.732591 
38.822266  -58.703097
37.348298  -62.901009
-45.135362 38.299490 
75.626423  -71.606970
62.542980  70.535718 
18.961030  -21.257192
-109.995891 -101.468539
-18.364201 -116.161868
-93.363217 99.892916 
-55.819754 87.697295 
22.897722  33.004468 
-67.796310 -48.214551
83.886273  90.104765 
-3.795922  -32.539448
-36.302852 -63.234286
-74.032451 54.773481 
38.272760  -113.573911
-72.739396 -78.792416
-67.040214 38.885935 
58.805869  -20.342594
49.317989  43.211829 
62.609292  37.185405 
24.094527  89.546743 
11.227179  28.250920 
111.556494 -115.981645
-34.758372 -2.926044 
-116.293539 -20.308385
-17.736450 -73.113703
40.044964  13.264821 
108.448789 15.844175 
66.153171  79.033622 
-109.017781 -34.827051
88.295396  86.146476 
17.791023  -104.097620
-112.768764 -111.197510
-38.301022 -99.413263
22.535351  0.047097  
64.598182  78.610555 
96.248472  -118.376690
-14.587395 -24.150612
-35.589366 -41.814602
-52.097258 115.546558
-20.386443 113.627193
-100.303508 -74.785569
73.442916  -59.035919
97.481971  -70.810598
-50.028249 -25.426227
41.456901  52.716669 
-64.062886 2.506920  
51.983545  -66.196704
-86.241760 -7.816666 
24.395534  114.205690
83.489765  42.153292 
-86.008388 26.300017 
-31.170938 16.774324 
-97.024443 52.868934 
48.541340  -27.695347
-34.780595 -107.491082
-19.528346 -14.352631
48.163076  41.024572 
99.775189  -56.808055
40.928087  -7.770191 
33.537989  106.418286
2.653701   102.837803
-5.266965  -65.591265
-61.973564 63.014749 
95.759794  -15.935918
119.975042 -116.108500
-98.287261 12.897517 
-118.911660 -109.880149
-23.262449 46.683398 
-59.113854 -8.577182 
112.455429 -83.313855
82.998207  62.308400 
-92.327826 70.472239 
-82.724135 -5.984137 
-35.788086 18.581067 
14.316539  -16.619580
98.604156  -94.556163
-32.481404 -106.321857
69.336203  -69.948640
118.463508 12.993686 
-18.295109 -20.070720
1.212083   -9.969950 
-8.664417  -4.621365 
50.555424  87.530392 
113.238232 -91.858729
-99.291970 -92.702414
-67.093320 16.771029 
-65.986417 71.858626 
-94.198209 88.936530 
112.790227 -7.958067 
87.460950  77.822230 
-104.379735 37.676766 
31.595669  72.570168 
-61.530770 -101.328572
-111.117324 116.546183
99.842203  51.717690 
6.838657   96.626471 
3.950626   -116.899905
-9.192912  78.249641 
-94.031467 -33.465635
-29.951890 78.755579 
4.586850   76.101065 
-17.575830 -68.645028
30.233527  -60.959713
-94.633473 82.539382 
-5.927682  17.159366 
82.251178  -106.760745
-98.407329 113.651445
34.031350  77.085401 
-62.040439 -57.914977
-71.467008 20.448286 
28.879037  14.218744 
-101.110997 -19.119009
44.633660  118.474144
-25.683492 43.744105 
73.964096  78.170526 
29.178177  94.736694 
-42.885964 -2.885556 
-24.170328 60.840509 
71.855801  104.199152
98.340855  29.387340 
-13.410114 37.230862 
93.490577  -99.525369
119.342784 80.908153 
-40.732932 -7.689113 
-70.126367 -101.539079
-41.311705 54.549037 
80.869814  104.755923
-32.529322 70.862356 
11.193539  -27.565583
-5.570841  -65.316133
84.038267  84.880119 
16.753282  -61.666308
67.422532  38.646714 
-81.921145 76.096688 
24.117136  28.991044 
-102.970768 32.531003 
-59.109491 -44.687408
-66.526583 77.134564 
117.514074 31.449022 
64.489690  16.602349 
-29.398229 112.528347
53.871236  -92.852371
49.470182  93.207807 
7.990094   96.577234 
113.398076 -118.560236
37.803067  31.424929 
50.023672  35.689709 
-35.558347 -14.995554
79.445483  64.781399 
44.858178  41.987143 
-30.383639 38.393738 
-2.072784  33.338938 
75.322189  10.084029 
38.623181  -117.687608
-67.028738 -29.129989
-65.119404 -90.679454
-89.187049 -88.032815
47.660964  -73.392328
-18.428283 -74.501492
-78.147493 106.884927
51.731316  -30.294508
5.053472   -52.338803
36.206774  88.665881 
-47.997872 -31.569245
46.203422  33.834014 
110.514318 -73.364576
65.983189  -16.344878
35.414364  34.480275 
-78.139549 -117.746552
-73.404294 65.877823 
-58.737256 75.657369 
104.456673 -78.420876
57.877167  57.221459 
-112.378984 94.813788 
37.158038  53.588432 
-12.506695 -15.055254
-62.008097 -43.654931
-101.644652 114.159861
-62.832688 105.796889
-65.239537 47.056433 
19.404392  98.470021 
76.025614  -92.075811
-98.790217 43.666361 
62.306328  103.785259
-87.136537 -17.714283
-18.735630 97.562832 
33.657575  44.358849 
-87.489134 0.952162  
-97.245359 -73.697832
105.600404 90.925341 
-7.029802  -52.507109
73.736333  77.402059 
50.092550  -107.196998
-36.058148 26.400309 
-72.136088 -40.961638
68.375361  32.832185 
-51.639104 17.419264 
57.307916  -110.257209
77.926435  -33.787038
40.310088  -84.212916
40.911307  -11.520144
59.359038  -100.090370
-33.104347 -67.752783
74.965690  101.626209
99.599273  -107.521977
78.495001  -54.631544
-19.964633 74.561324 
-29.626457 11.688681 
-71.653811 -53.947593
5.005119   -47.555063
-112.957700 -72.556902
-12.704897 -40.317419
-10.106274 -87.090496
-76.744467 -75.697824
108.105428 -12.720526
-62.075956 105.288171
-97.051274 30.494398 
-16.885989 -88.523994
6.643803   -8.105223 
-16.014021 -18.410249
4.262948   91.310881 
82.106710  -85.337152
69.239956  -111.855527
13.035928  -63.940283
-74.859072 96.947215 
43.396444  -36.061444
-31.733249 45.065105 
8.592252   97.757904 
66.942555  72.001845 
-3.153214  -31.054514
53.669560  -24.763823
-102.685418 -50.942605
66.459773  36.746604 
-56.757188 18.337779 
-57.462134 -90.915983
55.135982  107.305962
34.037289  -104.002523
58.357095  66.201476 
20.038252  113.647626
-7.546459  20.342906 
8.457644   -92.870900
10.515375  -115.198487
-48.657527 13.700639 
-9.615655  -29.618099
52.290455  -66.306486
57.247530  -13.762182
-50.218660 90.692323 
-68.086575 16.537897 
-90.521358 -46.503716
-44.688728 78.385044 
67.938283  3.588202  
-26.340794 -58.216151
-33.888830 -88.234189
-53.123572 -52.985343
116.583412 -34.785527
104.750695 -25.862892
-59.644807 -42.160618
-26.779241 9.525615  
97.388667  -38.748019
55.400796  -16.335163
48.399483  -114.576455
104.011885 -112.453078
-55.140811 78.440696 
93.117331  -41.311874
-98.902298 83.565214 
-89.768104 57.717457 
-116.935787 -61.873949
-49.947212 14.629421 
88.641677  87.589120 
17.738929  112.559262
-58.679494 -90.153663
-19.413460 -35.002975
-68.660324 85.217815 
57.793756  -62.888482
-114.998628 68.751280 
58.970180  -104.629601
-33.734046 9.607823  
23.375155  -42.316454
71.434409  108.670008
-83.358434 -90.526814
109.650495 -103.413572
73.257682  80.312379 
-34.922949 -15.598385
-13.625196 64.909150 
-32.427860 71.587168 
-103.449329 -88.596663
118.370460 -37.702392
85.578301  14.809172 
-13.353961 -91.507371
-34.081888 -26.239757
12.806625  -4.081259 
59.054079  -53.492817
7.247849   -48.982945
-43.528440 -73.575186
26.322958  22.719757 
64.043943  -42.744936
-18.793171 90.400687 
36.430347  -66.421111
-87.875713 -74.801829
-5.690697  57.139812 
-110.093338 -25.372065
78.209814  80.389205 
-102.465815 15.802516 
-70.220989 78.580627 
-25.593963 -93.981901
105.120511 -108.119080
-67.427082 -74.466990
-66.825603 87.208339 
42.782384  0.642344  
24.481989  -76.531670
-77.464375 85.907715 
56.850762  58.149140 
110.439700 -49.276738
95.558496  -76.668084
-107.175079 33.061278 
78.259227  9.357470  
70.007341  33.524947 
-44.097605 37.079970 
-43.371633 91.423196 
111.141258 -65.193943
-94.301166 -88.492719
-34.061819 74.784501 
25.921105  -78.303813
-98.764405 103.795469
13.934409  -1.584212 
-35.818665 -58.277152
-63.486290 -3.987459 
100.964745 96.167571 
-114.688955 15.410430 
32.443325  2.497221  
113.175503 19.004551 
-110.860997 113.584449
-47.132994 71.888898 
-49.488704 20.404143 
1.097679   106.860105
56.613473  89.532692 
40.653282  -81.952941
-24.219148 11.404447 
-65.366744 -28.019609
30.955311  -0.398537 
-86.101430 -76.244708
107.305535 55.074258 
66.939644  5.175930  
-77.929578 9.695555  
21.484531  49.263345 
-66.012101 -9.294143 
6.112968   105.813715
-19.895529 -33.819084
63.925253  112.385141
5.257371   -60.507099
94.363954  119.674980
50.079547  64.127911 
5.542033   -8.467334 
44.600349  79.212198 
-70.535782 -33.797592
2.113712   -110.660775
15.736715  -79.123592
-6.899812  40.487586 
95.508829  -71.740292
-84.872316 -46.967534
110.525431 14.449610 
81.701295  63.372428 
-7.065929  17.119378 
-11.798336 65.544888 
-47.126539 64.590808 
-79.623065 -55.980058
-93.143031 41.929694 
-37.046228 -28.835169
118.315137 111.538569
51.953163  6.631683  
8.292761   82.561359 
21.933900  -76.591424
-43.552129 54.806216 
3.606077   10.356467 
-44.691341 73.151641 
-58.656604 60.863156 
35.399816  -102.536492
-72.316439 -67.839334
-84.828254 64.353030 
-76.514412 -19.896947
33.322986  72.311363 
54.027929  71.730280 
-9.511983  -97.690830
-60.658037 15.646237 
49.190693  68.513158 
44.202494  -111.288358
-5.406370  -63.775221
-13.779158 68.562887 
-105.566690 58.922962 
49.782770  -98.851684
-25.168868 -100.477114
39.283687  -64.158508
-100.338594 -89.753988
112.241998 101.705536
-88.967710 68.195578 
-89.018385 -21.472662
15.193611  12.180442 
-68.623439 5.287571  
49.606891  -110.570300
94.310659  -4.460196 
76.746670  -42.439748
2.360871   -80.038901
42.295503  -108.361391
-2.947464  6.102731  
-74.405488 38.978390 
-39.304436 -36.471557
-45.783393 -52.672900
-46.478052 101.493939
71.458875  64.275348 
44.387666  -91.043025
-4.424564  -41.384336
96.024917  -8.413690 
80.130036  -15.789076
-87.412562 118.228846
-47.922175 57.931611 
85.826694  22.071856 
8.921308   -49.243964
-51.583289 94.154692 
-60.035463 102.865420
-109.087233 16.204547 
58.612414  80.390664 
-79.666383 13.810954 
90.860715  -0.158823 
-71.738078 0.398664  
-1.008768  66.916342 
16.817022  -74.606595
5.208720   -17.046957
-20.977916 -32.319480
-58.005424 56.154546 
69.641225  37.542233 
26.849891  -67.245357
53.758037  10.018617 
18.654817  -81.499204
-113.760463 23.842400 
63.738386  -47.273226
-89.089787 -97.025924
-48.735053 94.018159 
-69.288351 -112.225801
14.827376  2.374176  
62.062743  17.813409 
-93.804193 -39.100305
79.554311  -118.767891
-62.952952 -93.678225
97.676587  -68.353190
26.598472  -76.962168
111.055504 -15.760918
72.069814  29.760046 
-85.124425 -73.584148
23.961417  -14.789837
82.878041  -63.031035
-30.828038 77.983944 
-88.024942 -74.259812
21.139921  44.313193 
46.478534  -96.583012
105.069954 64.851416 
16.005868  64.523016 
-39.542896 72.683739 
96.421292  62.446899 
-42.238880 -63.592814
24.258437  32.811921 
27.109720  91.888089 
42.901845  -29.524909
-23.858171 -65.565147
35.495919  -94.139861
-52.012766 -112.842382
-72.715545 41.382474 
91.600069  -46.380995
-107.061155 6.736972  
64.913628  72.225559 
-66.251461 103.251537
96.565761  -46.693631
-32.326395 99.897984 
77.993602  -13.535638
-103.693652 -43.198450
47.475391  -50.372373
-50.128551 31.933311 
-68.117360 119.470521
-97.376645 44.734474 
-32.746161 -44.814422
-20.461256 61.429012 
48.328139  85.832884 
35.820554  25.707057 
-104.983391 -16.309910
-42.044051 79.534028 
99.590998  9.412436  
-56.082000 81.390258 
97.174337  4.758277  
-105.846311 14.435736 
-29.388507 82.903108 
-105.225436 -103.711515
46.799221  -12.610696
-64.336571 -41.792063
-81.568606 100.361909
102.819094 -93.028121
-112.888499 -20.609969
88.455768  117.224118
-66.805593 -99.190570
115.243643 -55.610755
106.180042 -98.593837
108.675229 -103.279717
-30.220049 -54.559436
112.544412 -58.059773
-14.015617 113.258605
-46.959604 39.388701 
-50.654784 -58.360595
12.603571  110.739355
117.713618 -84.808971
75.856237  33.343032 
81.334619  78.831921 
2.244443   -43.632476
85.238737  89.021496 
68.724563  4.250607  
26.366652  0.041090  
64.412454  -21.049400
86.545391  -30.787544
-50.412010 10.040739 
43.338865  42.509279 
119.253505 90.663404 
-109.488153 86.158647 
29.950794  -107.389531
-42.424686 -90.817359
-38.159759 -77.724209
37.624053  95.711558 
82.533725  -103.667588
48.553607  -24.106004
108.197436 48.627447 
-16.201795 113.318186
-11.504496 21.138464 
89.916307  -109.294712
-82.039358 17.488361 
90.318705  85.432277 
-8.393927  9.250923  
-41.702539 -106.081588
36.987356  -70.450360
-26.997248 22.210832 
-77.158588 64.750814 
50.978817  -75.580537
8.588549   -83.254936
-6.387911  -0.537443 
101.989070 -45.365528
65.016752  41.018131 
78.016392  24.085216 
57.681793  41.348819 
-47.446991 -37.231800
95.028082  -99.531220
-31.384511 -109.276332
-42.920419 -102.664459
33.789285  -52.256131
-102.465489 -15.837472
4.754846   -95.663005
103.731203 -52.013634
-16.240803 113.889393
10.444944  35.878225 
-55.749954 -118.285615
19.656990  63.096649 
10.562436  -33.179820
-96.478149 -98.901970
49.010808  -45.966418
49.257234  -43.968018
45.222051  101.206005
-82.097593 -16.729334
44.324429  35.356617 
110.972980 -99.977808
-5.847700  6.800165  
52.669221  -67.473760
65.099665  104.437343
-47.940223 46.254979 
-67.128577 -81.654550
-100.841704 -102.054668
66.278907  -87.341268
-46.527545 105.000007
96.850318  44.552379 
64.622220  -62.316294
69.760673  -61.543284
-24.720202 -37.074493
-110.290784 -12.234571
-13.727605 8.725802  
81.951797  99.453294 
22.330976  42.623669 
34.694221  38.180473 
-111.364864 2.696015  
5.928815   -12.336942
-22.161617 -82.753903
69.390060  103.151908
-106.291314 -32.006072
-22.073813 11.565560 
-27.965998 -61.454997
-98.385318 -73.390557
-18.970236 28.316864 
-11.780543 87.155475 
-18.472052 -114.256026
-72.517672 110.681045
45.451537  -27.991335
-52.277819 -69.800201
108.144048 100.728383
-112.082631 -26.639539
-105.850805 109.892765
66.319175  -53.107667
-57.993096 -117.196751
-119.748489 17.722405 
7.245368   -38.551952
-100.456584 -104.447659
-65.679261 104.328261
30.834967  -63.649702
3.656558   7.184296  
-91.928679 70.127382 
-101.379219 75.234468 
62.208842  -42.925789
90.145626  88.333012 
72.339143  17.570618 
69.653378  -102.610467
2.780654   -59.195087
-19.916666 81.489827 
-22.598433 -17.757276
118.405341 -66.573133
-68.546428 44.473715 
-103.414371 33.349604 
70.397087  108.770305
-74.712053 53.540442 
19.685088  -87.706431
-0.733482  11.130954 
-49.274293 -12.793879
-108.209750 92.785537 
-73.480650 -111.901179
22.439732  -110.898520
-78.564418 9.327526  
51.532282  29.750024 
67.076968  80.947904 
76.919087  -4.694372 
37.298227  -10.664784
44.597119  -117.901290
-40.083373 -79.275205
-109.800142 -15.421475
-116.088606 -84.631631
-38.823592 96.267386 
-41.625621 6.052041  
-116.733691 -67.970561
-49.134275 -36.594135
-91.962928 80.450850 
-26.076682 -20.789365
-32.077877 56.496777 
80.249703  87.760255 
17.315056  97.296855 
58.842768  -70.650186
47.079941  17.139981 
104.125753 32.095478 
117.094254 -58.755720
26.699304  -17.180070
-73.070188 -80.209659
112.264306 -38.039209
-109.909504 34.499341 
28.765207  -60.860522
97.511285  98.524236 
-61.527451 55.163246 
-22.159166 -16.749495
2.716377   -10.912537
68.563068  -84.311819
-50.249190 -50.581465
74.348454  1.240779  
26.136019  -42.328138
-83.732399 -102.814447
-108.845092 -45.316831
-115.545511 45.280069 
-70.112590 87.796337 
24.509239  116.264414
-11.415732 31.600850 
85.112798  -110.251868
71.648341  -65.597516
-70.175303 -107.071783
-63.029368 -66.973001
40.123642  -58.066415
-102.642815 -53.187187
67.240223  71.728640 
15.103181  33.407603 
79.284310  -31.911880
7.245033   35.979121 
66.819309  100.281219
78.435805  -78.298493
-37.917447 45.553062 
-32.549536 -61.305309
-119.264470 98.748363 
-99.824978 -37.668618
116.310418 32.829431 
-5.961909  20.059766 
-21.719097 85.865196 
-78.310055 -67.006590
115.300629 -111.730452
45.141217  -31.297899
-109.542065 -52.810885
13.565710  -54.482953
-23.988522 -58.274562
99.192018  -43.178465
-2.179891  -113.199896
-48.513702 75.112050 
-29.573546 -90.267721
5.190540   83.502925 
4.494365   -114.641248
-88.082533 25.117676 
-97.592446 91.030788 
-110.622197 60.051041 
0.057841   -96.515952
-43.879238 -6.048378 
-90.134381 -108.340721
-23.467437 16.814789 
70.504106  39.628508 
-7.358559  106.619480
96.027543  105.980312
-96.355375 -21.861962
-18.797565 70.207629 
58.011263  63.527325 
-54.604668 -9.421383 
87.082008  92.870613 
-87.482790 64.055797 
73.889649  -94.138256
-45.433525 -115.098251
-53.596451 71.266211 
-80.815196 -20.662573
-29.541055 -16.519230
-67.304797 47.196431 
31.925568  64.436125 
11.704373  45.466849 
25.441125  113.907441
-8.258326  -70.908618
4.236191   -110.845837
102.396262 -0.553503 
-36.415107 115.136940
-60.161662 -95.256417
27.267284  -3.558428 
-52.738605 -79.069150
-56.835004 -67.389737
49.951169  46.239421 
74.095538  -58.049413
90.218587  -36.313570
84.414648  14.829441 
29.375466  27.997935 
-68.609478 74.621291 
-19.440683 65.397361 
-56.275002 -117.185256
28.296522  91.240530 
9.456914   93.491438 
11.115540  42.084102 
117.621040 -75.617140
118.175242 -11.445792
-15.300078 93.725819 
111.064004 28.392782 
28.242914  -32.796433
42.511069  -9.622365 
118.468000 23.704549 
-55.634527 94.099003 
60.895341  50.537613 
-45.533733 63.763677 
26.348639  -50.576405
18.968623  -76.069749
88.557965  23.900908 
12.919447  -25.314750
-112.095358 48.307655 
22.887186  -113.641502
-36.877371 105.320208
22.836324  -22.622691
-42.372721 7.953374  
16.549629  -3.393342 
72.181325  -82.723318
-65.212246 -117.348387
108.123270 -66.726287
-8.853694  -7.135524 
-67.596914 -103.584216
-106.052679 45.191516 
34.961942  -112.142018
-85.851209 -56.297009
114.725891 35.354194 
65.573678  -102.054939
90.793353  64.087072 
14.881917  38.477617 
-111.973361 110.198896
34.160344  28.578480 
10.689873  -5.560255 
92.624057  114.230118
22.715096  -96.568448
95.044744  -22.593303
93.408527  -115.083511
53.012989  -30.608114
-35.651764 59.794402 
49.363568  -31.114712
-33.023687 -113.865947
41.810655  80.520561 
40.356339  -87.432329
-18.487154 -68.157075
-41.931971 39.136414 
-66.695001 -79.714385
12.442593  10.420104 
68.028505  55.486035 
28.198476  -21.159880
-78.432115 -78.392355
-66.914433 39.284583 
79.724090  -66.595576
78.474879  -43.511171
114.160210 -74.513504
75.565415  -108.627590
30.105201  72.536067 
67.854405  -100.693805
77.991234  -49.657284
-12.661043 -62.457851
-23.329973 70.139219 
72.597406  -77.343944
-96.027124 -118.927680
-86.643552 84.424282 
-25.633510 108.358383
-106.002483 -23.674727
16.173910  48.986329 
-75.196441 -105.953842
-109.964454 -82.502856
-65.861908 -38.128548
94.201950  -84.532780
33.702661  3.687131  
-72.407053 -42.100078
61.081551  71.233982 
-111.577747 -0.611064 
-9.941226  97.389902 
114.095436 11.367476 
77.404368  -64.228683
30.901642  -107.374006
26.142150  -51.012149
55.017791  -9.018992 
74.345320  -14.046345
-38.905260 24.053036 
21.477885  -89.405508
-6.564942  80.953730 
43.209794  82.829735 
95.496135  38.125590 
110.117199 -76.147278
-54.030944 44.942114 
-83.484393 -47.589753
86.594437  -54.900421
88.258735  -100.350250
-84.016348 -114.277724
70.312876  -72.920267
-53.035083 93.779914 
17.834947  -62.568879
30.477169  -69.372704
80.952323  62.202532 
-60.446059 21.715196 
32.102285  88.594928 
-60.110552 -88.515791
110.972373 82.385070 
-45.288309 0.227329  
35.319411  -66.130056
89.897090  53.784156 
106.874185 64.658971 
28.764858  -0.927103 
37.088090  -111.799116
99.644490  21.956033 
-0.839317  -100.156854
27.781425  -29.732775
119.993280 -114.492379
-41.665525 69.175935 
65.391333  39.505560 
107.358756 20.590727 
92.975460  -77.784166
24.442756  -5.228864 
-8.165745  119.780296
-52.769093 -97.761204
107.422657 52.355060 
52.086338  -109.086499
-109.297306 -22.974069
95.212989  -11.214953
2.526315   -53.086425
-72.001372 76.282268 
56.698081  36.703027 
-107.513197 -50.853743
-0.434890  60.419669 
-95.518130 -62.162478
9.152018   -36.239488
-45.378631 -40.019369
-9.504792  90.317227 
-0.917981  65.125497 
-56.363750 -70.232223
-105.669684 49.719465 
88.587739  47.377749 
114.839723 53.092390 
6.864566   29.760814 
-11.296819 2.602792  
78.926010  3.008298  
-56.403257 79.346137 
-72.522694 -100.253007
-105.985789 2.288479  
-117.693741 -93.019947
20.068860  -35.232227
99.703853  82.133912 
-101.356807 58.429772 
20.543729  39.054112 
103.388429 -8.708436 
-56.151649 -107.064622
-7.325685  40.141910 
-80.700457 43.149996 
19.119742  78.487352 
-98.343282 94.986554 
26.324297  -90.275606
76.469535  -7.181005 
52.026540  112.607836
44.581016  12.776494 
56.296755  26.081391 
95.458153  103.874177
-10.140834 92.833384 
44.918555  -101.944632
-52.440359 107.164642
-96.490443 -16.565487
-102.533185 -99.250933
14.611779  -26.584075
-83.657312 110.410008
60.309127  -55.069842
-42.344156 27.873617 
18.253166  96.971595 
-110.863168 -90.033602
61.813771  44.228868 
5.703447   -21.016867
-45.186180 27.485627 
81.711707  -59.818364
-116.568114 115.204476
-37.443392 -10.435699
40.889588  -71.542151
13.660655  20.644996 
98.262838  -4.436004 
42.213221  -7.901629 
-0.946158  119.621119
-50.663920 -99.861999
-17.396737 -63.489068
106.055960 -13.894360
-65.243560 80.942551 
-82.721803 82.029421 
68.835053  -96.715692
23.299873  44.622738 
44.353804  -109.283710
-119.902525 -71.233925
40.330720  54.128166 
-48.265255 25.173146 
52.353074  -0.781895 
-9.216885  116.884598
15.505077  65.163707 
-60.332772 81.263308 
118.677068 104.025642
37.040856  92.789690 
80.958303  -104.061096
51.484087  -60.515644
36.070629  106.626556
-55.667771 -89.302558
105.875123 25.304747 
-61.912265 -89.161689
80.410151  -114.373004
71.384859  -15.563180
20.636021  69.911930 
-10.349355 -25.403568
-94.845411 55.199566 
27.868149  9.090029  
116.657288 8.823805  
-40.264543 -56.380501
75.548604  -118.022254
81.825859  -98.178509
73.442919  69.913681 
40.395142  -80.371478
-8.538876  -55.544484
-117.290004 -15.735146
106.595029 -106.599349
1.097920   55.563761 
54.590813  -73.731189
-88.591480 -5.611403 
14.775253  -93.514256
9.868749   41.628397 
93.088722  19.838867 
6.295085   -67.766749
-36.621641 62.456953 
-66.688569 39.265068 
-22.260421 -30.248778
61.126380  -91.546820
-58.608314 99.231641 
-10.553088 -42.071897
72.764921  -16.648444
43.920888  25.606091 
-114.452733 79.231168 
-98.777109 -2.876437 
107.184974 -106.038917
-61.863308 -90.454850
-101.577979 105.057888
-76.214981 -38.296713
29.031512  -42.982343
-94.314129 112.027109
90.460261  65.697945 
-113.119163 99.124233 
60.504033  116.845844
66.298754  114.567300
97.603189  90.393943 
-112.369832 -64.045625
-86.187861 82.422178 
-70.803256 -118.317694
-68.142370 -95.461790
57.535945  95.652028 
-6.228752  -94.476504
71.660624  -102.223397
-78.506932 87.143040 
-67.774078 -74.553002
-82.356050 22.631135 
-69.714101 32.452391 
36.452861  -47.252969
-62.005052 -22.375984
-39.401963 92.734097 
-34.296304 44.732000 
-95.820494 78.077357 
0.467971   93.107127 
96.141443  -101.598402
49.875211  -23.580950
25.252965  -105.829256
62.844382  -26.111367
32.858537  109.436658
12.371999  60.418211 
68.078216  46.230171 
108.162982 111.417385
60.828772  28.867796 
-104.733814 -106.125921
-12.554215 -19.776692
-75.100708 28.800646 
90.744631  -71.405894
51.429290  63.046477 
-103.183106 0.482368  
-89.499505 36.566155 
-21.780918 -18.443851
-79.895491 -73.672639
-86.113407 104.481730
51.815563  -54.541729
-55.292580 40.546072 
69.410766  -108.477499
88.508241  92.978309 
-3.271932  -72.207575
-11.550466 83.262501 
96.237495  108.032138
-56.728115 5.356780  
36.449591  81.228922 
-111.850484 -63.848568
-111.923594 84.750933 
5.049636   44.979108 
59.411215  8.450898  
-88.286132 -31.619095
-36.066624 -73.532063
-11.530790 -39.483939
-18.312221 80.170901 
-86.259014 100.278908
117.352250 -71.684482
62.331798  -56.939890
-90.024296 -74.988157
38.661332  18.406313 
10.703861  84.068039 
62.638646  51.992839 
-66.715751 86.199488 
-99.374190 -23.786310
-83.077713 34.447890 
95.274760  -112.411021
-110.007074 -77.113033
-44.076572 -67.805169
97.448608  67.337821 
-10.908076 25.780145 
68.863935  29.989845 
-98.859039 5.781484  
-98.496774 42.470389 
-90.124400 39.042521 
15.550382  57.935781 
-10.150686 -17.964266
-68.266718 -30.766815
-112.476894 116.444605
45.263397  -18.175016
-115.366852 -22.546362
23.032519  -53.785777
-63.746449 -38.714683
57.974933  -15.669938
-53.160912 100.153411
-12.769291 -45.919667
-1.739807  6.451057  
30.954234  -23.404330
-91.718716 7.836514  
32.766583  -14.282606
45.637329  -46.174056
23.646542  98.756015 
-8.350132  -26.230722
-47.529275 -83.464052
-35.067806 62.591967 
-27.955612 -114.367113
-28.548812 24.216793 
-116.140928 90.821745 
92.551843  -0.611029 
-81.165117 5.346461  
90.451931  8.557044  
-66.459020 -35.204715
-84.898305 48.938008 
-21.559349 103.150062
-69.810241 55.627186 
-58.113735 -72.481834
-31.542114 -35.347713
49.807410  1.470147  
-40.281711 40.965446 
83.452793  51.194122 
-4.536959  -27.884897
7.884336   47.407612 
-0.226122  82.272900 
-43.036445 115.031812
-46.718397 -73.717281
-21.554146 59.333908 
51.263756  -104.012873
-50.944780 -52.817264
-0.480660  4.622873  
87.086527  -23.526009
37.390747  35.325307 
119.455908 105.206045
-77.393625 -54.841381
-38.413351 -82.624118
112.345571 110.952422
-107.330848 116.149472
101.975082 63.802775 
-100.939380 53.345578 
-43.032407 39.628494 
-51.429229 103.403191
-77.655070 72.251374 
63.852433  79.862037 
93.536080  -57.246753
-105.152099 -15.194009
38.100490  61.822165 
93.786197  45.913749 
-76.567016 6.134705  
53.622764  -74.368472
-70.382358 -65.031335
-96.673184 -117.861209
37.358090  64.022129 
36.791739  109.706003
-85.436951 -34.646267
3.030162   -26.657445
-109.707954 -3.559856 
-40.654733 -6.268551 
-57.880985 -45.025379
-90.596901 28.815736 
-75.045361 -103.307476
-69.866007 99.777536 
31.236745  -74.879083
115.119356 -54.220667
66.160627  -61.478934
-25.711065 100.967898
-118.759920 102.881540
-118.873547 3.303204  
-22.173709 74.457324 
62.129101  -30.610811
-1.672322  -70.658974
-31.084921 75.342896 
116.411265 -91.117649
-30.665619 87.533407 
-81.135521 -27.644806
-6.552893  14.251334 
-19.860363 76.595561 
102.454130 11.160933 
-72.446984 -9.021441 
-7.957680  99.871883 
-59.861200 93.973063 
73.669228  -48.576432
63.022570  -56.933481
-110.275810 -106.403375
-109.950301 81.866899 
67.013515  -86.064620
79.946055  44.904724 
-114.243582 -1.263728 
72.997476  -117.303451
76.183020  -107.700377
-6.838588  -118.039526
-111.717102 -82.812764
64.078792  31.975013 
55.704037  26.794088 
-77.229868 48.635312 
-74.359584 97.001332 
-73.719360 1.329463  
25.647199  65.860554 
-77.285421 22.943662 
25.018880  43.727183 
-75.314318 106.421875
76.413484  -103.192236
-64.185702 -99.809665
115.289773 119.938783
103.564639 -45.851061
-43.677928 -84.312376
68.217172  -47.294523
103.348317 39.252368 
-59.198240 38.929626 
-59.462203 -2.206258 
33.509379  -22.899568
-50.273429 -84.473654
6.041239   85.548502 
-78.849584 -44.620739
78.649504  66.828599 
-96.439737 96.381158 
86.201140  105.101740
-14.428114 -43.218039
67.512593  -49.725265
-54.278204 78.020273 
-17.084508 108.192711
-57.435161 -33.221187
27.780119  -118.136887
-5.716036  77.651989 
94.356304  117.521106
113.917895 -12.233666
82.555155  -54.116478
-112.986281 -53.920300
57.602744  -4.949160 
117.387118 -75.696568
78.950407  112.713630
-118.261162 91.069068 
65.224377  -11.851459
73.977747  -92.747612
9.877047   -30.311171
-94.715346 77.776294 
31.435352  -70.940849
5.764912   46.027208 
12.870304  53.999840 
20.589335  -64.958159
47.510182  -21.753221
104.757695 -86.892522
-9.945626  102.763538
114.309957 75.229047 
-3.616229  1.625092  
-97.207319 20.348216 
-17.158599 1.816017  
-57.502208 9.209250  
-33.806632 -35.976473
10.469496  109.243216
103.223135 -105.376584
-32.019272 -79.119220
92.741366  7.525024  
-81.831003 5.052738  
-108.087915 33.149139 
-68.684712 91.316760 
44.261419  93.401181 
98.371508  76.993791 
-78.046381 -80.242715
-21.033722 92.155167 
30.163168  74.236377 
102.844721 29.766517 
21.192986  -22.522757
95.012028  39.089685 
-107.978433 95.895468 
28.662158  3.245036  
-50.164792 -35.321144
-90.969908 76.203317 
-3.715143  -29.896250
-83.108317 -26.207953
-34.295293 73.517213 
-76.262092 91.934232 
73.967874  -103.378380
-42.272428 -81.956879
65.922377  76.072238 
-77.171266 57.506673 
76.626243  116.154152
38.124503  -113.951563
79.197266  -43.844888
92.729655  19.877515 
-29.083997 -96.362512
-103.293400 96.070682 
-7.986349  36.728851 
-2.636047  -4.619168 
-107.394981 -82.050636
65.028152  28.860537 
-77.111331 -12.849892
-82.996993 55.867044 
-4.273284  55.750020 
15.376391  89.593850 
-23.079501 -45.238482
-87.619773 58.097497 
-109.020838 -107.530274
-14.395743 91.040598 
-51.863238 -79.243208
-66.065413 5.502257  
-109.949565 -58.415070
-96.822745 93.871139 
-115.646654 68.134273 
-49.365791 8.113152  
-83.175961 61.812955 
35.062533  104.405941
-41.497513 69.287637 
-89.407645 -84.876614
78.190849  54.694921 
