512
-43.082130 13.269353 
52.102773  -39.465731
-65.189270 58.355553 
-29.447704 78.999045 
5.231339   78.973866 
-44.544332 -74.264233
77.798424  -60.117600
-8.357240  25.381562 
-49.461959 -12.975677
-31.887703 -69.332170
-13.728247 -19.817731
64.353065  -87.503814
-40.557660 -12.816770
-63.856014 -56.136176
-55.459168 -52.533983
-70.939416 -87.360456
-83.210672 50.750949 
-21.961235 -2.593513 
-61.883147 -70.437985
88.909284  -73.657954
-1.368427  -17.793923
7.560399   -41.431241
50.612714  7.130303  
-67.454066 -14.232794
-11.867242 61.599541 
24.591558  78.110841 
-30.947216 -75.907550
-79.963306 -32.354212
68.541367  51.048521 
59.091992  -0.049768 
-40.222748 21.381873 
-30.490167 -86.313349
22.083696  54.997532 
30.535278  63.157565 
86.545069  -49.478719
56.184449  50.333688 
47.105241  68.524518 
60.601319  -73.068623
3.625436   -81.860623
-65.881615 -29.946355
17.569491  -31.498282
-26.348799 -61.479489
-51.533084 -56.574444
-1.228618  -46.547830
14.352821  -33.616232
-32.887705 67.103770 
-37.664181 -71.400904
-65.961450 -23.422119
48.914333  -8.470351 
-53.219371 -30.856309
-17.549713 27.610627 
68.337066  38.977401 
-72.264427 -28.706677
-67.962341 29.449766 
-4.461725  -61.296134
89.695642  -64.222521
-42.432136 -54.467733
-38.105624 36.207215 
-28.171984 -73.680040
4.080020   -11.076419
82.514939  19.464286 
-21.782703 -35.416830
-13.657492 81.184518 
-44.941019 50.309175 
-4.891796  -20.117275
78.475969  -79.530105
14.949058  71.619471 
21.804112  -19.900538
7.595644   -12.617100
21.884703  13.357021 
33.773010  73.979262 
-9.439852  -64.378238
-7.655422  -50.361898
-46.272506 6.337656  
-84.767707 -76.846687
-81.410357 83.888269 
-7.224675  -61.331515
38.918349  -31.790504
26.499297  -56.523445
1.018953   -10.608121
-53.354157 -68.954958
65.732668  87.488432 
0.898249   77.486912 
23.687763  60.952885 
-60.884021 26.099865 
3.026863   -50.500287
36.091500  78.926283 
29.066656  -63.752409
-16.196268 -15.410744
-18.450427 -74.212541
-32.626509 77.987931 
35.673166  -28.703986
8.441392   10.034371 
-29.492296 66.273754 
8.306317   50.005214 
52.492134  -13.606072
-70.704059 68.787008 
-8.073228  43.093985 
16.862517  33.702588 
-22.784050 2.038678  
-59.071834 27.077096 
77.451207  -12.052499
30.176867  65.077719 
-41.015458 86.439478 
-3.393986  -38.442104
-2.299109  12.698687 
-81.619298 82.929444 
16.541974  27.142997 
36.705498  -89.591601
44.359877  61.044003 
-36.842909 -53.511197
25.203500  48.516757 
-78.480724 -60.985170
59.141699  -3.730138 
29.045765  -8.774177 
-2.541205  -32.226312
33.791988  -3.839924 
84.913591  -24.529213
31.467709  -48.953241
-10.025388 10.407172 
49.683292  -55.282728
-30.601618 82.136418 
47.659866  61.955811 
-32.429417 -42.130872
-40.400113 13.299951 
-40.992055 -69.936558
74.367655  -57.055045
83.751186  -5.643418 
80.209700  -4.756093 
83.707776  33.930852 
-32.394308 37.774516 
27.147673  -24.606452
-21.600398 65.169950 
-57.451986 86.778737 
2.215030   -83.946169
-26.055844 8.232347  
-58.218556 -45.127803
68.089461  -76.525573
-37.419903 74.093482 
-33.837799 -10.673707
50.200647  -23.445174
-25.392610 85.680843 
11.056569  -53.820970
-26.720455 -87.734478
41.903086  -73.323597
61.718016  -13.891637
-4.338460  -80.086967
-78.941726 -60.849350
-68.538373 -76.814925
-16.062615 17.959484 
33.803260  75.312189 
14.524025  13.268421 
0.901920   -3.991958 
-23.935603 47.158472 
81.414184  85.546608 
52.802295  22.501956 
40.822800  -30.318040
80.894880  -50.422259
-58.028683 14.442318 
-36.756088 9.375511  
-6.480326  45.771031 
-38.270431 55.039796 
-59.451688 -81.984657
-88.494472 24.068383 
58.315602  -63.779080
-63.927845 -61.314000
-37.470943 78.581931 
55.427514  49.138894 
-56.278422 21.721875 
-0.100273  38.133298 
49.236069  29.489903 
74.857969  79.181613 
-38.366321 62.506614 
-36.346379 35.172094 
-3.574615  38.542146 
-49.033796 79.196448 
85.341453  -41.379955
-36.534153 61.771484 
-64.914158 34.840236 
88.704581  -56.168000
-2.135967  42.730324 
8.723289   23.381977 
87.862345  -24.326239
-39.271076 8.229934  
-59.206751 64.496760 
-60.548418 -49.978167
66.642579  -71.025334
73.597872  5.007287  
45.501739  29.106436 
-12.474434 -74.426740
60.236760  10.717312 
-21.320469 -59.136546
59.179421  39.531627 
-61.557737 -27.398827
13.121614  3.920710  
33.244019  74.603328 
19.920522  61.673382 
29.683213  -19.318430
-17.392940 23.129876 
2.493638   -64.420054
-61.561885 -21.428892
23.004535  -3.991470 
-88.405849 -67.612431
87.000953  -60.537147
80.769014  -71.153630
-24.437663 -45.445699
28.035919  30.607885 
-28.733077 -45.105733
17.091204  -73.524291
64.140996  -16.833620
87.963395  41.722694 
-3.965991  75.261308 
63.824288  14.384005 
-68.400811 41.346067 
-70.039942 -14.574902
-69.806487 7.148945  
-1.027602  11.826132 
-59.435829 -87.754522
70.197365  49.777746 
-55.115581 -1.854174 
15.267898  -46.892754
-30.797394 56.225000 
-64.254007 23.838605 
23.065053  -85.258471
-3.649499  -15.609128
54.456918  -51.898098
-60.929328 -68.556140
12.596046  -62.469380
-78.248226 45.094371 
-68.952610 26.401090 
-59.931469 11.689545 
3.081393   60.624230 
85.936652  -87.701268
-38.098578 89.445111 
89.402156  13.702200 
-88.421237 -38.476726
-64.177474 51.154737 
89.063529  20.901217 
31.264233  -79.973807
-13.246575 72.461686 
-80.571370 -82.424971
-70.757798 -8.400092 
-39.151060 -58.241701
-72.149687 -23.832621
-34.262675 78.738441 
-84.818470 -14.431850
-27.395331 62.442211 
-68.114926 -34.462949
-16.893442 37.714710 
62.408879  -47.606972
2.256060   -7.862097 
8.707916   -17.969398
41.792037  -36.428509
-2.564892  -0.469349 
51.190438  50.713079 
29.592161  60.109298 
-54.003248 3.048464  
69.369681  -18.449281
39.784767  14.930322 
36.100189  62.125012 
-63.157694 32.801128 
32.085951  -9.818057 
-68.729748 54.231788 
29.900101  39.915402 
74.336036  86.740176 
-28.637915 -59.378821
-17.539261 -10.277117
-43.951389 -69.372456
4.790411   65.499925 
-58.804391 -51.296967
-7.446725  85.877125 
40.652911  0.821169  
-23.927821 -57.288671
-47.270807 -50.182310
-84.317880 88.588722 
4.491403   30.245718 
-50.192078 8.835243  
-51.866505 -70.664432
-71.896053 -21.691974
-77.703345 87.992855 
-75.619325 5.680919  
-35.741914 -64.421462
-43.922683 81.262478 
-2.127197  30.021596 
-41.674697 -34.351809
-50.785468 -30.213733
-78.118279 -31.721075
-88.084688 72.692720 
-26.126785 -30.504544
-22.630920 -86.563171
86.830857  -71.619953
11.204892  65.227023 
-17.822637 63.651458 
51.460048  -86.545476
38.818253  -25.653718
-60.903281 42.770909 
-50.921029 -36.777072
-49.993812 64.915890 
-48.340770 -5.379545 
-62.015663 16.197327 
-51.337384 50.467697 
85.893771  -41.225956
9.181283   -89.651527
34.310431  40.963838 
-28.370100 -51.426089
-72.350625 -27.791545
-34.584932 -82.615589
-1.118791  48.681933 
-69.843122 -50.475584
27.804814  -84.396366
-19.700485 -70.279331
56.633171  86.265167 
85.266698  6.398650  
-43.046455 76.967992 
17.032738  51.038005 
-82.432147 40.612945 
-47.935550 37.875545 
-4.285126  -22.942822
31.517710  -41.834990
-68.046326 -31.213589
10.259762  87.984289 
57.198566  -85.598795
13.736678  20.468383 
-20.489103 40.995151 
87.447633  -11.417797
-8.709282  55.675936 
17.891700  -22.982071
-80.986754 -84.286066
14.061706  9.002309  
-54.990773 -18.945301
-18.274711 -17.130288
-63.314596 30.927685 
-2.036227  -87.966541
-20.222651 87.517883 
-25.739135 -34.104451
10.431972  37.648393 
-51.435428 -13.343453
69.050287  -5.321760 
-49.451425 52.556384 
-58.965039 -40.106795
-53.984112 -49.258118
17.290371  -39.407790
80.568805  -51.990880
-71.270834 9.278531  
-69.310472 -14.189218
10.648684  -79.461503
-55.737845 -66.986434
43.713574  -74.281113
-13.319570 -79.724048
34.226361  0.240495  
20.322536  -50.865998
80.124629  -84.536749
3.878846   -42.828573
29.179678  10.441679 
-20.274066 46.116409 
39.970164  -8.315933 
75.150909  -29.879125
69.284045  -6.257158 
-42.529930 55.285117 
-54.786898 58.472503 
71.776193  -70.464793
-24.748059 -69.210519
-76.757666 -49.767575
29.557077  81.008629 
-35.075038 -48.043244
9.460801   -18.997913
-0.602826  25.523294 
88.485913  -52.458283
38.130303  71.091318 
64.941722  0.720604  
14.850862  5.680635  
6.044775   -80.948299
-27.583954 -35.297243
-11.960448 -58.398558
-41.456119 75.087069 
-25.441015 5.493862  
-61.223177 56.479664 
-62.071763 8.001483  
32.622416  -18.565050
-45.617625 -30.813183
22.147070  31.623654 
-46.084074 48.629414 
3.302029   16.319408 
55.585102  -20.893597
61.172159  77.576983 
58.688919  -87.689946
68.063656  6.577442  
-1.745021  -27.885011
-49.510349 -65.523384
7.454727   25.651496 
15.125155  28.024899 
71.256194  8.323872  
53.055168  -45.058525
7.333504   -21.990746
-26.433181 -36.190575
1.428473   77.910358 
80.019567  49.166648 
-10.987344 -40.336912
75.768699  -53.380959
61.711004  71.960548 
75.492829  -77.310375
23.687041  -56.366998
-53.916063 0.217533  
24.554651  -24.426108
66.440470  42.287978 
-55.176302 29.040658 
38.527267  -77.834905
76.873884  88.918243 
20.750796  -82.950824
-18.654087 37.212148 
37.546869  -25.043623
4.333354   58.082403 
63.659035  28.042070 
-7.915547  -22.880997
74.374041  36.563998 
-55.092686 -56.026082
-3.012512  -81.739173
-64.459712 61.816954 
-9.849319  -41.914256
-20.343101 45.217564 
-39.734367 -43.052694
48.403629  -58.480749
-57.164655 -25.931876
17.496008  52.639561 
-25.065796 47.294568 
-4.541811  -22.712959
-29.060579 -26.838208
35.914084  74.834319 
-83.544729 -87.824331
-51.647337 -14.196969
-60.995600 17.503130 
-62.361458 -20.933569
-20.626918 61.099938 
-70.257416 -43.183781
-61.258353 18.471972 
25.024993  46.931713 
-37.522571 55.100517 
4.847823   69.630751 
71.562636  -69.935510
8.070770   60.958956 
-53.309216 52.726542 
-82.905585 -9.363944 
-71.975013 -47.825327
24.752354  -8.323355 
-22.966433 -75.630926
-44.879829 58.628238 
-14.151761 72.345006 
-63.853992 -60.061187
-81.353883 28.407100 
-74.522193 -53.385347
-20.983291 -24.877788
-71.735297 25.755752 
-84.967078 73.776015 
-79.533903 29.802079 
43.867266  -36.601335
37.112457  57.759759 
-43.662473 81.759594 
-15.474102 -56.412818
-46.310378 52.818017 
15.184017  16.334904 
-17.761340 -47.422294
79.183105  0.866071  
80.049598  -46.436233
-32.154395 45.136643 
-73.166126 -61.967174
33.575638  86.466717 
-48.155147 -58.326419
-66.409606 -33.127598
20.076833  -52.600128
-84.653609 -59.302020
21.394356  25.912282 
24.643970  69.422452 
17.194690  -1.499668 
36.065260  86.703514 
89.595471  -39.499412
-89.259526 24.083925 
-59.712664 -5.003813 
-76.693354 34.643727 
24.509455  -74.865022
-65.281843 13.149288 
70.386202  73.182701 
29.720796  57.882239 
65.683953  36.254972 
88.175545  52.581951 
-23.535324 15.607973 
38.492709  -80.288470
11.642048  21.864354 
-29.196653 -49.692711
80.303851  30.355797 
48.505145  -78.843854
73.064666  62.199961 
53.986830  -13.402935
66.405221  85.868972 
-61.141832 -20.173050
12.617612  -30.642469
-89.028352 12.652907 
47.732509  61.442751 
59.979198  36.475913 
20.364932  59.661412 
-37.437080 77.691308 
0.736920   -76.921620
-26.667225 -66.943248
-32.875766 -12.578148
88.491813  -81.070615
49.794365  -69.371632
-65.032525 -55.634573
54.109865  66.624998 
-0.154586  -50.993325
36.793783  5.632095  
-5.360435  -26.312824
-16.269548 -58.568302
73.923343  75.810498 
