64
-56.905599 -44.966420
-45.895774 3.625194  
18.451900  57.904090 
-48.644650 47.961289 
55.171807  15.241094 
37.539222  -43.971289
27.544379  13.588740 
26.626485  40.881069 
-47.369878 -47.028520
27.171978  5.389982  
-56.589113 -36.504797
-8.141617  -35.759008
-7.277428  -12.535634
-18.433359 -53.299388
16.493570  9.099868  
26.554865  -54.969832
-50.759191 -58.605169
23.810426  27.670189 
39.507824  -39.721916
-45.420185 46.674670 
-23.501418 19.581877 
52.893745  -46.580283
22.944292  -41.389469
28.574054  17.759243 
-32.178518 36.518414 
58.167338  7.550658  
-19.768310 11.267244 
-34.741281 33.660733 
-36.856291 -7.373208 
-25.357984 12.714581 
-9.564497  32.884205 
45.109939  33.915953 
-0.738247  40.985789 
-25.463806 22.231560 
-31.137996 46.187198 
-36.273118 -16.114210
52.545002  -49.440130
-7.589520  1.563302  
50.626667  30.145794 
-20.933978 -19.893123
-27.508822 -19.393565
24.241094  14.406979 
2.021235   3.635308  
10.042356  18.517017 
2.614325   -30.056431
30.628701  -25.939826
7.783261   44.261197 
22.246954  12.697172 
-47.913276 -10.153887
-9.256911  -51.567488
-2.395581  -44.289042
-18.037941 -42.814868
35.414859  18.269776 
52.622546  49.567390 
-33.689890 58.561260 
57.741851  -14.888206
18.653297  -18.231159
-43.900000 48.975772 
21.930073  -10.844025
22.635555  -34.468573
22.933550  27.704901 
0.604607   -14.621845
41.142488  36.799199 
-41.931130 7.700703  
